Time;Policy;Finalization Status;CPU core Energy;Transfer Energy;CPU core Time;Transfer Time;Cost
116991;POLICY3_CLOUD;TASK_CANCELED;1245128;257132;51282;64010;1224866
120430;POLICY3_CLOUD;TASK_CANCELED;1245128;257132;51282;64010;1224866
123555;POLICY3_CLOUD;TASK_CANCELED;1245128;257132;51282;64010;1224866
123849;POLICY3_CLOUD;TASK_CANCELED;1245128;257132;51282;64010;1224866
125566;POLICY3_CLOUD;TASK_CANCELED;1245128;257132;51282;64010;1224866
126825;POLICY3_CLOUD;TASK_CANCELED;1245128;257132;51282;64010;1224866
127978;POLICY3_CLOUD;TASK_CANCELED;1245128;257132;51282;64010;1224866
130441;POLICY3_CLOUD;TASK_CANCELED;1245128;257132;51282;64010;1224866
134587;POLICY3_CLOUD;TASK_CANCELED;1245128;257132;51282;64010;1224866
136438;POLICY3_CLOUD;TASK_CANCELED;1245128;257132;51282;64010;1224866
136782;POLICY3_CLOUD;TASK_CANCELED;1245128;257132;51282;64010;1224866
138591;POLICY3_CLOUD;TASK_CANCELED;1245128;257132;51282;64010;1224866
140474;POLICY3_CLOUD;TASK_CANCELED;1245128;257132;51282;64010;1224866
142603;POLICY3_CLOUD;TASK_CANCELED;1245128;257132;51282;64010;1224866
144152;POLICY3_CLOUD;TASK_CANCELED;1245128;257132;51282;64010;1224866
147128;POLICY3_CLOUD;TASK_CANCELED;1245128;257132;51282;64010;1224866
147976;POLICY3_CLOUD;TASK_CANCELED;1245128;257132;51282;64010;1224866
151422;POLICY3_CLOUD;TASK_CANCELED;1245128;257132;51282;64010;1224866
153564;POLICY3_CLOUD;TASK_CANCELED;1245128;257132;51282;64010;1224866
154003;POLICY3_CLOUD;TASK_CANCELED;1245128;257132;51282;64010;1224866
154724;POLICY3_CLOUD;TASK_CANCELED;1245128;257132;51282;64010;1224866
155077;POLICY3_CLOUD;TASK_CANCELED;1245128;257132;51282;64010;1224866
156210;POLICY3_CLOUD;TASK_CANCELED;1245128;257132;51282;64010;1224866
158010;POLICY3_CLOUD;TASK_CANCELED;1245128;257132;51282;64010;1224866
159256;POLICY3_CLOUD;TASK_CANCELED;1245128;257132;51282;64010;1224866
163380;POLICY3_CLOUD;TASK_CANCELED;1245128;257132;51282;64010;1224866
167347;POLICY3_CLOUD;TASK_CANCELED;1245128;257132;51282;64010;1224866
168291;POLICY3_CLOUD;TASK_CANCELED;1245128;257132;51282;64010;1224866
169880;POLICY3_CLOUD;TASK_CANCELED;1245128;257132;51282;64010;1224866
171009;POLICY3_CLOUD;TASK_CANCELED;1245128;257132;51282;64010;1224866
172365;POLICY3_CLOUD;TASK_CANCELED;1245128;257132;51282;64010;1224866
173574;POLICY3_CLOUD;TASK_CANCELED;1245128;257132;51282;64010;1224866
174278;POLICY3_CLOUD;TASK_CONCLUDED;989285;257132;71428;64010;1024221
174953;POLICY3_CLOUD;TASK_CONCLUDED;989285;257132;71428;64010;1024221
175683;POLICY3_CLOUD;TASK_CONCLUDED;989285;257132;71428;64010;1024221
176388;POLICY3_CLOUD;TASK_CANCELED;1245128;257132;51282;64010;1224866
177225;POLICY3_CLOUD;TASK_CONCLUDED;989285;257132;71428;64010;1024221
177809;POLICY3_CLOUD;TASK_CANCELED;1245128;257132;51282;64010;1224866
179284;POLICY3_CLOUD;TASK_CONCLUDED;989285;257132;71428;64010;1024221
181250;POLICY3_CLOUD;TASK_CANCELED;1245128;257132;51282;64010;1224866
181680;POLICY3_CLOUD;TASK_CONCLUDED;989285;257132;71428;64010;1024221
182361;POLICY3_CLOUD;TASK_CANCELED;1245128;257132;51282;64010;1224866
184464;POLICY3_CLOUD;TASK_CONCLUDED;989285;257132;71428;64010;1024221
184579;POLICY3_CLOUD;TASK_CANCELED;1245128;257132;51282;64010;1224866
185803;POLICY3_CLOUD;TASK_CANCELED;1245128;257132;51282;64010;1224866
186251;POLICY3_CLOUD;TASK_CANCELED;1245128;257132;51282;64010;1224866
187835;POLICY3_CLOUD;TASK_CONCLUDED;989285;257132;71428;64010;1024221
189136;POLICY3_CLOUD;TASK_CONCLUDED;989285;257132;71428;64010;1024221
190557;POLICY3_CLOUD;TASK_CONCLUDED;989285;257132;71428;64010;1024221
191987;POLICY3_CLOUD;TASK_CANCELED;1245128;257132;51282;64010;1224866
192364;POLICY3_CLOUD;TASK_CONCLUDED;989285;257132;71428;64010;1024221
192655;POLICY3_CLOUD;TASK_CONCLUDED;989285;257132;71428;64010;1024221
194039;POLICY3_CLOUD;TASK_CONCLUDED;989285;257132;71428;64010;1024221
194374;POLICY3_CLOUD;TASK_CANCELED;1245128;257132;51282;64010;1224866
194930;POLICY3_CLOUD;TASK_CANCELED;1245128;257132;51282;64010;1224866
196254;POLICY3_CLOUD;TASK_CANCELED;1245128;257132;51282;64010;1224866
197280;POLICY3_CLOUD;TASK_CONCLUDED;989285;257132;71428;64010;1024221
197993;POLICY3_CLOUD;TASK_CONCLUDED;989285;257132;71428;64010;1024221
199552;POLICY3_CLOUD;TASK_CANCELED;1245128;257132;51282;64010;1224866
201510;POLICY3_CLOUD;TASK_CONCLUDED;989285;257132;71428;64010;1024221
202150;POLICY3_CLOUD;TASK_CANCELED;1245128;257132;51282;64010;1224866
204140;POLICY3_CLOUD;TASK_CANCELED;1245128;257132;51282;64010;1224866
204307;POLICY3_CLOUD;TASK_CONCLUDED;989285;257132;71428;64010;1024221
205065;POLICY3_CLOUD;TASK_CONCLUDED;989285;257132;71428;64010;1024221
206142;POLICY3_CLOUD;TASK_CONCLUDED;989285;257132;71428;64010;1024221
206651;POLICY3_CLOUD;TASK_CONCLUDED;989285;257132;71428;64010;1024221
207112;POLICY3_CLOUD;TASK_CANCELED;1245128;257132;51282;64010;1224866
207872;POLICY3_CLOUD;TASK_CANCELED;1245128;257132;51282;64010;1224866
210894;POLICY3_CLOUD;TASK_CANCELED;1245128;257132;51282;64010;1224866
212949;POLICY3_CLOUD;TASK_CONCLUDED;989285;257132;71428;64010;1024221
213494;POLICY3_CLOUD;TASK_CANCELED;1245128;257132;51282;64010;1224866
214849;POLICY3_CLOUD;TASK_CONCLUDED;989285;257132;71428;64010;1024221
215132;POLICY3_CLOUD;TASK_CONCLUDED;989285;257132;71428;64010;1024221
216991;POLICY3_CLOUD;TASK_CANCELED;1245128;257132;51282;64010;1224866
219589;POLICY3_CLOUD;TASK_CONCLUDED;989285;257132;71428;64010;1024221
220430;POLICY3_CLOUD;TASK_CANCELED;1245128;257132;51282;64010;1224866
222218;POLICY3_CLOUD;TASK_CONCLUDED;989285;257132;71428;64010;1024221
223186;POLICY3_CLOUD;TASK_CONCLUDED;989285;257132;71428;64010;1024221
223555;POLICY3_CLOUD;TASK_CANCELED;1245128;257132;51282;64010;1224866
223849;POLICY3_CLOUD;TASK_CANCELED;1245128;257132;51282;64010;1224866
224287;POLICY3_CLOUD;TASK_CONCLUDED;989285;257132;71428;64010;1024221
225566;POLICY3_CLOUD;TASK_CANCELED;1245128;257132;51282;64010;1224866
226825;POLICY3_CLOUD;TASK_CANCELED;1245128;257132;51282;64010;1224866
227972;POLICY3_CLOUD;TASK_CONCLUDED;989285;257132;71428;64010;1024221
227978;POLICY3_CLOUD;TASK_CANCELED;1245128;257132;51282;64010;1224866
228264;POLICY3_CLOUD;TASK_CONCLUDED;989285;257132;71428;64010;1024221
230441;POLICY3_CLOUD;TASK_CANCELED;1245128;257132;51282;64010;1224866
232615;POLICY3_CLOUD;TASK_CONCLUDED;989285;257132;71428;64010;1024221
234587;POLICY3_CLOUD;TASK_CANCELED;1245128;257132;51282;64010;1224866
235838;POLICY3_CLOUD;TASK_CONCLUDED;989285;257132;71428;64010;1024221
236438;POLICY3_CLOUD;TASK_CANCELED;1245128;257132;51282;64010;1224866
236782;POLICY3_CLOUD;TASK_CANCELED;1245128;257132;51282;64010;1224866
238591;POLICY3_CLOUD;TASK_CANCELED;1245128;257132;51282;64010;1224866
240315;POLICY3_CLOUD;TASK_CONCLUDED;989285;257132;71428;64010;1024221
240474;POLICY3_CLOUD;TASK_CANCELED;1245128;257132;51282;64010;1224866
241276;POLICY3_CLOUD;TASK_CONCLUDED;989285;257132;71428;64010;1024221
242603;POLICY3_CLOUD;TASK_CANCELED;1245128;257132;51282;64010;1224866
243825;POLICY3_CLOUD;TASK_CONCLUDED;989285;257132;71428;64010;1024221
244057;POLICY3_CLOUD;TASK_CONCLUDED;989285;257132;71428;64010;1024221
244152;POLICY3_CLOUD;TASK_CANCELED;1245128;257132;51282;64010;1224866
246611;POLICY3_CLOUD;TASK_CONCLUDED;989285;257132;71428;64010;1024221
247128;POLICY3_CLOUD;TASK_CANCELED;1245128;257132;51282;64010;1224866
247468;POLICY3_CLOUD;TASK_CONCLUDED;989285;257132;71428;64010;1024221
247976;POLICY3_CLOUD;TASK_CANCELED;1245128;257132;51282;64010;1224866
248457;POLICY3_CLOUD;TASK_CONCLUDED;989285;257132;71428;64010;1024221
251422;POLICY3_CLOUD;TASK_CANCELED;1245128;257132;51282;64010;1224866
253564;POLICY3_CLOUD;TASK_CANCELED;1245128;257132;51282;64010;1224866
254003;POLICY3_CLOUD;TASK_CANCELED;1245128;257132;51282;64010;1224866
254388;POLICY3_CLOUD;TASK_CONCLUDED;989285;257132;71428;64010;1024221
254724;POLICY3_CLOUD;TASK_CANCELED;1245128;257132;51282;64010;1224866
255077;POLICY3_CLOUD;TASK_CANCELED;1245128;257132;51282;64010;1224866
256210;POLICY3_CLOUD;TASK_CANCELED;1245128;257132;51282;64010;1224866
256225;POLICY3_CLOUD;TASK_CONCLUDED;989285;257132;71428;64010;1024221
256621;POLICY3_CLOUD;TASK_CONCLUDED;989285;257132;71428;64010;1024221
258010;POLICY3_CLOUD;TASK_CANCELED;1245128;257132;51282;64010;1224866
258314;POLICY3_CLOUD;TASK_CONCLUDED;989285;257132;71428;64010;1024221
259256;POLICY3_CLOUD;TASK_CANCELED;1245128;257132;51282;64010;1224866
260055;POLICY3_CLOUD;TASK_CONCLUDED;989285;257132;71428;64010;1024221
262647;POLICY3_CLOUD;TASK_CONCLUDED;989285;257132;71428;64010;1024221
263266;POLICY3_CLOUD;TASK_CONCLUDED;989285;257132;71428;64010;1024221
263380;POLICY3_CLOUD;TASK_CANCELED;1245128;257132;51282;64010;1224866
266300;POLICY3_CLOUD;TASK_CONCLUDED;989285;257132;71428;64010;1024221
267331;POLICY3_CLOUD;TASK_CONCLUDED;989285;257132;71428;64010;1024221
267347;POLICY3_CLOUD;TASK_CANCELED;1245128;257132;51282;64010;1224866
268291;POLICY3_CLOUD;TASK_CANCELED;1245128;257132;51282;64010;1224866
269880;POLICY3_CLOUD;TASK_CANCELED;1245128;257132;51282;64010;1224866
270480;POLICY3_CLOUD;TASK_CONCLUDED;989285;257132;71428;64010;1024221
271009;POLICY3_CLOUD;TASK_CANCELED;1245128;257132;51282;64010;1224866
271664;POLICY3_CLOUD;TASK_CONCLUDED;989285;257132;71428;64010;1024221
272365;POLICY3_CLOUD;TASK_CANCELED;1245128;257132;51282;64010;1224866
273574;POLICY3_CLOUD;TASK_CANCELED;1245128;257132;51282;64010;1224866
274006;POLICY3_CLOUD;TASK_CONCLUDED;989285;257132;71428;64010;1024221
274278;POLICY3_CLOUD;TASK_CONCLUDED;989285;257132;71428;64010;1024221
274953;POLICY3_CLOUD;TASK_CONCLUDED;989285;257132;71428;64010;1024221
275683;POLICY3_CLOUD;TASK_CONCLUDED;989285;257132;71428;64010;1024221
276388;POLICY3_CLOUD;TASK_CANCELED;1245128;257132;51282;64010;1224866
277225;POLICY3_CLOUD;TASK_CONCLUDED;989285;257132;71428;64010;1024221
277809;POLICY3_CLOUD;TASK_CANCELED;1245128;257132;51282;64010;1224866
279284;POLICY3_CLOUD;TASK_CONCLUDED;989285;257132;71428;64010;1024221
281250;POLICY3_CLOUD;TASK_CANCELED;1245128;257132;51282;64010;1224866
281680;POLICY3_CLOUD;TASK_CONCLUDED;989285;257132;71428;64010;1024221
282361;POLICY3_CLOUD;TASK_CANCELED;1245128;257132;51282;64010;1224866
284464;POLICY3_CLOUD;TASK_CONCLUDED;989285;257132;71428;64010;1024221
284579;POLICY3_CLOUD;TASK_CANCELED;1245128;257132;51282;64010;1224866
285803;POLICY3_CLOUD;TASK_CANCELED;1245128;257132;51282;64010;1224866
286251;POLICY3_CLOUD;TASK_CANCELED;1245128;257132;51282;64010;1224866
287835;POLICY3_CLOUD;TASK_CONCLUDED;989285;257132;71428;64010;1024221
289136;POLICY3_CLOUD;TASK_CONCLUDED;989285;257132;71428;64010;1024221
290557;POLICY3_CLOUD;TASK_CONCLUDED;989285;257132;71428;64010;1024221
291987;POLICY3_CLOUD;TASK_CANCELED;1245128;257132;51282;64010;1224866
292364;POLICY3_CLOUD;TASK_CONCLUDED;989285;257132;71428;64010;1024221
292655;POLICY3_CLOUD;TASK_CONCLUDED;989285;257132;71428;64010;1024221
294039;POLICY3_CLOUD;TASK_CONCLUDED;989285;257132;71428;64010;1024221
294374;POLICY3_CLOUD;TASK_CANCELED;1245128;257132;51282;64010;1224866
294930;POLICY3_CLOUD;TASK_CANCELED;1245128;257132;51282;64010;1224866
296254;POLICY3_CLOUD;TASK_CANCELED;1245128;257132;51282;64010;1224866
297280;POLICY3_CLOUD;TASK_CONCLUDED;989285;257132;71428;64010;1024221
297993;POLICY3_CLOUD;TASK_CONCLUDED;989285;257132;71428;64010;1024221
299087;POLICY2_MEC;TASK_CONCLUDED;245025;140313;266666;32021;368008
299552;POLICY3_CLOUD;TASK_CANCELED;1245128;257132;51282;64010;1224866
301510;POLICY3_CLOUD;TASK_CONCLUDED;989285;257132;71428;64010;1024221
302150;POLICY3_CLOUD;TASK_CANCELED;1245128;257132;51282;64010;1224866
303564;POLICY2_MEC;TASK_CONCLUDED;245025;140313;266666;32021;368008
304140;POLICY3_CLOUD;TASK_CANCELED;1245128;257132;51282;64010;1224866
304307;POLICY3_CLOUD;TASK_CONCLUDED;989285;257132;71428;64010;1024221
304525;POLICY2_MEC;TASK_CONCLUDED;245025;140313;266666;32021;368008
305065;POLICY3_CLOUD;TASK_CONCLUDED;989285;257132;71428;64010;1024221
306142;POLICY3_CLOUD;TASK_CONCLUDED;989285;257132;71428;64010;1024221
306651;POLICY3_CLOUD;TASK_CONCLUDED;989285;257132;71428;64010;1024221
307074;POLICY2_MEC;TASK_CONCLUDED;245025;140313;266666;32021;368008
307112;POLICY3_CLOUD;TASK_CANCELED;1245128;257132;51282;64010;1224866
307306;POLICY2_MEC;TASK_CONCLUDED;245025;140313;266666;32021;368008
307872;POLICY3_CLOUD;TASK_CANCELED;1245128;257132;51282;64010;1224866
309860;POLICY2_MEC;TASK_CONCLUDED;245025;140313;266666;32021;368008
310717;POLICY2_MEC;TASK_CONCLUDED;245025;140313;266666;32021;368008
310894;POLICY3_CLOUD;TASK_CANCELED;1245128;257132;51282;64010;1224866
311706;POLICY2_MEC;TASK_CONCLUDED;245025;140313;266666;32021;368008
312949;POLICY3_CLOUD;TASK_CONCLUDED;989285;257132;71428;64010;1024221
313494;POLICY3_CLOUD;TASK_CANCELED;1245128;257132;51282;64010;1224866
314849;POLICY3_CLOUD;TASK_CONCLUDED;989285;257132;71428;64010;1024221
315132;POLICY3_CLOUD;TASK_CONCLUDED;989285;257132;71428;64010;1024221
316991;POLICY3_CLOUD;TASK_CANCELED;1245128;257132;51282;64010;1224866
317637;POLICY2_MEC;TASK_CONCLUDED;245025;140313;266666;32021;368008
319474;POLICY2_MEC;TASK_CONCLUDED;245025;140313;266666;32021;368008
319589;POLICY3_CLOUD;TASK_CONCLUDED;989285;257132;71428;64010;1024221
319870;POLICY2_MEC;TASK_CONCLUDED;245025;140313;266666;32021;368008
320430;POLICY3_CLOUD;TASK_CANCELED;1245128;257132;51282;64010;1224866
321563;POLICY2_MEC;TASK_CONCLUDED;245025;140313;266666;32021;368008
322218;POLICY3_CLOUD;TASK_CONCLUDED;989285;257132;71428;64010;1024221
323186;POLICY3_CLOUD;TASK_CONCLUDED;989285;257132;71428;64010;1024221
323304;POLICY2_MEC;TASK_CONCLUDED;245025;140313;266666;32021;368008
323555;POLICY3_CLOUD;TASK_CANCELED;1245128;257132;51282;64010;1224866
323849;POLICY3_CLOUD;TASK_CANCELED;1245128;257132;51282;64010;1224866
324287;POLICY3_CLOUD;TASK_CONCLUDED;989285;257132;71428;64010;1024221
325566;POLICY3_CLOUD;TASK_CANCELED;1245128;257132;51282;64010;1224866
325896;POLICY2_MEC;TASK_CONCLUDED;245025;140313;266666;32021;368008
326515;POLICY2_MEC;TASK_CONCLUDED;245025;140313;266666;32021;368008
326825;POLICY3_CLOUD;TASK_CANCELED;1245128;257132;51282;64010;1224866
327972;POLICY3_CLOUD;TASK_CONCLUDED;989285;257132;71428;64010;1024221
327978;POLICY3_CLOUD;TASK_CANCELED;1245128;257132;51282;64010;1224866
328264;POLICY3_CLOUD;TASK_CONCLUDED;989285;257132;71428;64010;1024221
329549;POLICY2_MEC;TASK_CONCLUDED;245025;140313;266666;32021;368008
330441;POLICY3_CLOUD;TASK_CANCELED;1245128;257132;51282;64010;1224866
330580;POLICY2_MEC;TASK_CONCLUDED;245025;140313;266666;32021;368008
332615;POLICY3_CLOUD;TASK_CONCLUDED;989285;257132;71428;64010;1024221
333729;POLICY2_MEC;TASK_CONCLUDED;245025;140313;266666;32021;368008
334587;POLICY3_CLOUD;TASK_CANCELED;1245128;257132;51282;64010;1224866
334913;POLICY2_MEC;TASK_CONCLUDED;245025;140313;266666;32021;368008
335838;POLICY3_CLOUD;TASK_CONCLUDED;989285;257132;71428;64010;1024221
336438;POLICY3_CLOUD;TASK_CANCELED;1245128;257132;51282;64010;1224866
336782;POLICY3_CLOUD;TASK_CANCELED;1245128;257132;51282;64010;1224866
337255;POLICY2_MEC;TASK_CONCLUDED;245025;140313;266666;32021;368008
338591;POLICY3_CLOUD;TASK_CANCELED;1245128;257132;51282;64010;1224866
340315;POLICY3_CLOUD;TASK_CONCLUDED;989285;257132;71428;64010;1024221
340474;POLICY3_CLOUD;TASK_CANCELED;1245128;257132;51282;64010;1224866
341276;POLICY3_CLOUD;TASK_CONCLUDED;989285;257132;71428;64010;1024221
342603;POLICY3_CLOUD;TASK_CANCELED;1245128;257132;51282;64010;1224866
343825;POLICY3_CLOUD;TASK_CONCLUDED;989285;257132;71428;64010;1024221
344057;POLICY3_CLOUD;TASK_CONCLUDED;989285;257132;71428;64010;1024221
344152;POLICY3_CLOUD;TASK_CANCELED;1245128;257132;51282;64010;1224866
346611;POLICY3_CLOUD;TASK_CONCLUDED;989285;257132;71428;64010;1024221
347128;POLICY3_CLOUD;TASK_CANCELED;1245128;257132;51282;64010;1224866
347468;POLICY3_CLOUD;TASK_CONCLUDED;989285;257132;71428;64010;1024221
347976;POLICY3_CLOUD;TASK_CANCELED;1245128;257132;51282;64010;1224866
348457;POLICY3_CLOUD;TASK_CONCLUDED;989285;257132;71428;64010;1024221
351422;POLICY3_CLOUD;TASK_CANCELED;1245128;257132;51282;64010;1224866
353564;POLICY3_CLOUD;TASK_CANCELED;1245128;257132;51282;64010;1224866
354003;POLICY3_CLOUD;TASK_CANCELED;1245128;257132;51282;64010;1224866
354388;POLICY3_CLOUD;TASK_CONCLUDED;989285;257132;71428;64010;1024221
354724;POLICY3_CLOUD;TASK_CANCELED;1245128;257132;51282;64010;1224866
355077;POLICY3_CLOUD;TASK_CANCELED;1245128;257132;51282;64010;1224866
356210;POLICY3_CLOUD;TASK_CANCELED;1245128;257132;51282;64010;1224866
356225;POLICY3_CLOUD;TASK_CONCLUDED;989285;257132;71428;64010;1024221
356621;POLICY3_CLOUD;TASK_CONCLUDED;989285;257132;71428;64010;1024221
358010;POLICY3_CLOUD;TASK_CANCELED;1245128;257132;51282;64010;1224866
358314;POLICY3_CLOUD;TASK_CONCLUDED;989285;257132;71428;64010;1024221
359256;POLICY3_CLOUD;TASK_CANCELED;1245128;257132;51282;64010;1224866
360055;POLICY3_CLOUD;TASK_CONCLUDED;989285;257132;71428;64010;1024221
362647;POLICY3_CLOUD;TASK_CONCLUDED;989285;257132;71428;64010;1024221
363266;POLICY3_CLOUD;TASK_CONCLUDED;989285;257132;71428;64010;1024221
363380;POLICY3_CLOUD;TASK_CANCELED;1245128;257132;51282;64010;1224866
366300;POLICY3_CLOUD;TASK_CONCLUDED;989285;257132;71428;64010;1024221
367331;POLICY3_CLOUD;TASK_CONCLUDED;989285;257132;71428;64010;1024221
367347;POLICY3_CLOUD;TASK_CANCELED;1245128;257132;51282;64010;1224866
368291;POLICY3_CLOUD;TASK_CANCELED;1245128;257132;51282;64010;1224866
369880;POLICY3_CLOUD;TASK_CANCELED;1245128;257132;51282;64010;1224866
370480;POLICY3_CLOUD;TASK_CONCLUDED;989285;257132;71428;64010;1024221
371009;POLICY3_CLOUD;TASK_CANCELED;1245128;257132;51282;64010;1224866
371664;POLICY3_CLOUD;TASK_CONCLUDED;989285;257132;71428;64010;1024221
372365;POLICY3_CLOUD;TASK_CANCELED;1245128;257132;51282;64010;1224866
373574;POLICY3_CLOUD;TASK_CANCELED;1245128;257132;51282;64010;1224866
374006;POLICY3_CLOUD;TASK_CONCLUDED;989285;257132;71428;64010;1024221
374278;POLICY3_CLOUD;TASK_CONCLUDED;989285;257132;71428;64010;1024221
374953;POLICY3_CLOUD;TASK_CONCLUDED;989285;257132;71428;64010;1024221
375683;POLICY3_CLOUD;TASK_CONCLUDED;989285;257132;71428;64010;1024221
376388;POLICY3_CLOUD;TASK_CANCELED;1245128;257132;51282;64010;1224866
377225;POLICY3_CLOUD;TASK_CONCLUDED;989285;257132;71428;64010;1024221
377809;POLICY3_CLOUD;TASK_CANCELED;1245128;257132;51282;64010;1224866
379284;POLICY3_CLOUD;TASK_CONCLUDED;989285;257132;71428;64010;1024221
381250;POLICY3_CLOUD;TASK_CANCELED;1245128;257132;51282;64010;1224866
381680;POLICY3_CLOUD;TASK_CONCLUDED;989285;257132;71428;64010;1024221
382361;POLICY3_CLOUD;TASK_CANCELED;1245128;257132;51282;64010;1224866
384464;POLICY3_CLOUD;TASK_CONCLUDED;989285;257132;71428;64010;1024221
384579;POLICY3_CLOUD;TASK_CANCELED;1245128;257132;51282;64010;1224866
385803;POLICY3_CLOUD;TASK_CANCELED;1245128;257132;51282;64010;1224866
386251;POLICY3_CLOUD;TASK_CANCELED;1245128;257132;51282;64010;1224866
387835;POLICY3_CLOUD;TASK_CONCLUDED;989285;257132;71428;64010;1024221
389136;POLICY3_CLOUD;TASK_CONCLUDED;989285;257132;71428;64010;1024221
390557;POLICY3_CLOUD;TASK_CONCLUDED;989285;257132;71428;64010;1024221
391987;POLICY3_CLOUD;TASK_CANCELED;1245128;257132;51282;64010;1224866
392364;POLICY3_CLOUD;TASK_CONCLUDED;989285;257132;71428;64010;1024221
392655;POLICY3_CLOUD;TASK_CONCLUDED;989285;257132;71428;64010;1024221
394039;POLICY3_CLOUD;TASK_CONCLUDED;989285;257132;71428;64010;1024221
394374;POLICY3_CLOUD;TASK_CANCELED;1245128;257132;51282;64010;1224866
394930;POLICY3_CLOUD;TASK_CANCELED;1245128;257132;51282;64010;1224866
396254;POLICY3_CLOUD;TASK_CANCELED;1245128;257132;51282;64010;1224866
397280;POLICY3_CLOUD;TASK_CONCLUDED;989285;257132;71428;64010;1024221
397993;POLICY3_CLOUD;TASK_CONCLUDED;989285;257132;71428;64010;1024221
399552;POLICY3_CLOUD;TASK_CANCELED;1245128;257132;51282;64010;1224866
401510;POLICY3_CLOUD;TASK_CONCLUDED;989285;257132;71428;64010;1024221
402150;POLICY3_CLOUD;TASK_CANCELED;1245128;257132;51282;64010;1224866
404140;POLICY3_CLOUD;TASK_CANCELED;1245128;257132;51282;64010;1224866
404307;POLICY3_CLOUD;TASK_CONCLUDED;989285;257132;71428;64010;1024221
405065;POLICY3_CLOUD;TASK_CONCLUDED;989285;257132;71428;64010;1024221
406142;POLICY3_CLOUD;TASK_CONCLUDED;989285;257132;71428;64010;1024221
406651;POLICY3_CLOUD;TASK_CONCLUDED;989285;257132;71428;64010;1024221
407112;POLICY3_CLOUD;TASK_CANCELED;1245128;257132;51282;64010;1224866
407872;POLICY3_CLOUD;TASK_CANCELED;1245128;257132;51282;64010;1224866
410894;POLICY3_CLOUD;TASK_CANCELED;1245128;257132;51282;64010;1224866
412949;POLICY3_CLOUD;TASK_CONCLUDED;989285;257132;71428;64010;1024221
413494;POLICY3_CLOUD;TASK_CANCELED;1245128;257132;51282;64010;1224866
414849;POLICY3_CLOUD;TASK_CONCLUDED;989285;257132;71428;64010;1024221
415132;POLICY3_CLOUD;TASK_CONCLUDED;989285;257132;71428;64010;1024221
416991;POLICY3_CLOUD;TASK_CANCELED;1245128;257132;51282;64010;1224866
419589;POLICY3_CLOUD;TASK_CONCLUDED;989285;257132;71428;64010;1024221
420430;POLICY3_CLOUD;TASK_CANCELED;1245128;257132;51282;64010;1224866
422218;POLICY3_CLOUD;TASK_CONCLUDED;989285;257132;71428;64010;1024221
423186;POLICY3_CLOUD;TASK_CONCLUDED;989285;257132;71428;64010;1024221
423555;POLICY3_CLOUD;TASK_CANCELED;1245128;257132;51282;64010;1224866
423849;POLICY3_CLOUD;TASK_CANCELED;1245128;257132;51282;64010;1224866
424287;POLICY3_CLOUD;TASK_CONCLUDED;989285;257132;71428;64010;1024221
425566;POLICY3_CLOUD;TASK_CANCELED;1245128;257132;51282;64010;1224866
426825;POLICY3_CLOUD;TASK_CANCELED;1245128;257132;51282;64010;1224866
427972;POLICY3_CLOUD;TASK_CONCLUDED;989285;257132;71428;64010;1024221
427978;POLICY3_CLOUD;TASK_CANCELED;1245128;257132;51282;64010;1224866
428264;POLICY3_CLOUD;TASK_CONCLUDED;989285;257132;71428;64010;1024221
430441;POLICY3_CLOUD;TASK_CANCELED;1245128;257132;51282;64010;1224866
432615;POLICY3_CLOUD;TASK_CONCLUDED;989285;257132;71428;64010;1024221
434587;POLICY3_CLOUD;TASK_CANCELED;1245128;257132;51282;64010;1224866
436438;POLICY3_CLOUD;TASK_CANCELED;1245128;257132;51282;64010;1224866
436782;POLICY3_CLOUD;TASK_CANCELED;1245128;257132;51282;64010;1224866
438591;POLICY3_CLOUD;TASK_CANCELED;1245128;257132;51282;64010;1224866
440474;POLICY3_CLOUD;TASK_CANCELED;1245128;257132;51282;64010;1224866
442603;POLICY3_CLOUD;TASK_CANCELED;1245128;257132;51282;64010;1224866
444152;POLICY3_CLOUD;TASK_CANCELED;1245128;257132;51282;64010;1224866
447128;POLICY3_CLOUD;TASK_CANCELED;1245128;257132;51282;64010;1224866
447976;POLICY3_CLOUD;TASK_CANCELED;1245128;257132;51282;64010;1224866
451422;POLICY3_CLOUD;TASK_CANCELED;1245128;257132;51282;64010;1224866
453564;POLICY3_CLOUD;TASK_CANCELED;1245128;257132;51282;64010;1224866
454003;POLICY3_CLOUD;TASK_CANCELED;1245128;257132;51282;64010;1224866
454724;POLICY3_CLOUD;TASK_CANCELED;1245128;257132;51282;64010;1224866
455077;POLICY3_CLOUD;TASK_CANCELED;1245128;257132;51282;64010;1224866
456210;POLICY3_CLOUD;TASK_CANCELED;1245128;257132;51282;64010;1224866
458010;POLICY3_CLOUD;TASK_CANCELED;1245128;257132;51282;64010;1224866
459256;POLICY3_CLOUD;TASK_CANCELED;1245128;257132;51282;64010;1224866
463380;POLICY3_CLOUD;TASK_CANCELED;1245128;257132;51282;64010;1224866
467347;POLICY3_CLOUD;TASK_CANCELED;1245128;257132;51282;64010;1224866
468291;POLICY3_CLOUD;TASK_CANCELED;1245128;257132;51282;64010;1224866
469880;POLICY3_CLOUD;TASK_CANCELED;1245128;257132;51282;64010;1224866
471009;POLICY3_CLOUD;TASK_CANCELED;1245128;257132;51282;64010;1224866
472365;POLICY3_CLOUD;TASK_CANCELED;1245128;257132;51282;64010;1224866
473574;POLICY3_CLOUD;TASK_CANCELED;1245128;257132;51282;64010;1224866
474278;POLICY3_CLOUD;TASK_CONCLUDED;989285;257132;71428;64010;1024221
474953;POLICY3_CLOUD;TASK_CONCLUDED;989285;257132;71428;64010;1024221
475683;POLICY3_CLOUD;TASK_CONCLUDED;989285;257132;71428;64010;1024221
476388;POLICY3_CLOUD;TASK_CANCELED;1245128;257132;51282;64010;1224866
477225;POLICY3_CLOUD;TASK_CONCLUDED;989285;257132;71428;64010;1024221
477809;POLICY3_CLOUD;TASK_CANCELED;1245128;257132;51282;64010;1224866
479284;POLICY3_CLOUD;TASK_CONCLUDED;989285;257132;71428;64010;1024221
481250;POLICY3_CLOUD;TASK_CANCELED;1245128;257132;51282;64010;1224866
481680;POLICY3_CLOUD;TASK_CONCLUDED;989285;257132;71428;64010;1024221
482361;POLICY3_CLOUD;TASK_CANCELED;1245128;257132;51282;64010;1224866
484464;POLICY3_CLOUD;TASK_CONCLUDED;989285;257132;71428;64010;1024221
484579;POLICY3_CLOUD;TASK_CANCELED;1245128;257132;51282;64010;1224866
485803;POLICY3_CLOUD;TASK_CANCELED;1245128;257132;51282;64010;1224866
486251;POLICY3_CLOUD;TASK_CANCELED;1245128;257132;51282;64010;1224866
487835;POLICY3_CLOUD;TASK_CONCLUDED;989285;257132;71428;64010;1024221
489136;POLICY3_CLOUD;TASK_CONCLUDED;989285;257132;71428;64010;1024221
490557;POLICY3_CLOUD;TASK_CONCLUDED;989285;257132;71428;64010;1024221
491987;POLICY3_CLOUD;TASK_CANCELED;1245128;257132;51282;64010;1224866
492364;POLICY3_CLOUD;TASK_CONCLUDED;989285;257132;71428;64010;1024221
492655;POLICY3_CLOUD;TASK_CONCLUDED;989285;257132;71428;64010;1024221
494039;POLICY3_CLOUD;TASK_CONCLUDED;989285;257132;71428;64010;1024221
494374;POLICY3_CLOUD;TASK_CANCELED;1245128;257132;51282;64010;1224866
494930;POLICY3_CLOUD;TASK_CANCELED;1245128;257132;51282;64010;1224866
496254;POLICY3_CLOUD;TASK_CANCELED;1245128;257132;51282;64010;1224866
497280;POLICY3_CLOUD;TASK_CONCLUDED;989285;257132;71428;64010;1024221
497993;POLICY3_CLOUD;TASK_CONCLUDED;989285;257132;71428;64010;1024221
499552;POLICY3_CLOUD;TASK_CANCELED;1245128;257132;51282;64010;1224866
501510;POLICY3_CLOUD;TASK_CONCLUDED;989285;257132;71428;64010;1024221
502150;POLICY3_CLOUD;TASK_CANCELED;1245128;257132;51282;64010;1224866
504140;POLICY3_CLOUD;TASK_CANCELED;1245128;257132;51282;64010;1224866
504307;POLICY3_CLOUD;TASK_CONCLUDED;989285;257132;71428;64010;1024221
505065;POLICY3_CLOUD;TASK_CONCLUDED;989285;257132;71428;64010;1024221
506142;POLICY3_CLOUD;TASK_CONCLUDED;989285;257132;71428;64010;1024221
506651;POLICY3_CLOUD;TASK_CONCLUDED;989285;257132;71428;64010;1024221
507112;POLICY3_CLOUD;TASK_CANCELED;1245128;257132;51282;64010;1224866
507872;POLICY3_CLOUD;TASK_CANCELED;1245128;257132;51282;64010;1224866
510894;POLICY3_CLOUD;TASK_CANCELED;1245128;257132;51282;64010;1224866
512949;POLICY3_CLOUD;TASK_CONCLUDED;989285;257132;71428;64010;1024221
513494;POLICY3_CLOUD;TASK_CANCELED;1245128;257132;51282;64010;1224866
514849;POLICY3_CLOUD;TASK_CONCLUDED;989285;257132;71428;64010;1024221
515132;POLICY3_CLOUD;TASK_CONCLUDED;989285;257132;71428;64010;1024221
516991;POLICY3_CLOUD;TASK_CANCELED;1245128;257132;51282;64010;1224866
519589;POLICY3_CLOUD;TASK_CONCLUDED;989285;257132;71428;64010;1024221
520430;POLICY3_CLOUD;TASK_CANCELED;1245128;257132;51282;64010;1224866
522218;POLICY3_CLOUD;TASK_CONCLUDED;989285;257132;71428;64010;1024221
523186;POLICY3_CLOUD;TASK_CONCLUDED;989285;257132;71428;64010;1024221
523555;POLICY3_CLOUD;TASK_CANCELED;1245128;257132;51282;64010;1224866
523849;POLICY3_CLOUD;TASK_CANCELED;1245128;257132;51282;64010;1224866
524287;POLICY3_CLOUD;TASK_CONCLUDED;989285;257132;71428;64010;1024221
525566;POLICY3_CLOUD;TASK_CANCELED;1245128;257132;51282;64010;1224866
526825;POLICY3_CLOUD;TASK_CANCELED;1245128;257132;51282;64010;1224866
527972;POLICY3_CLOUD;TASK_CONCLUDED;989285;257132;71428;64010;1024221
527978;POLICY3_CLOUD;TASK_CANCELED;1245128;257132;51282;64010;1224866
528264;POLICY3_CLOUD;TASK_CONCLUDED;989285;257132;71428;64010;1024221
530441;POLICY3_CLOUD;TASK_CANCELED;1245128;257132;51282;64010;1224866
532615;POLICY3_CLOUD;TASK_CONCLUDED;989285;257132;71428;64010;1024221
534587;POLICY3_CLOUD;TASK_CANCELED;1245128;257132;51282;64010;1224866
535838;POLICY3_CLOUD;TASK_CONCLUDED;989285;257132;71428;64010;1024221
536438;POLICY3_CLOUD;TASK_CANCELED;1245128;257132;51282;64010;1224866
536782;POLICY3_CLOUD;TASK_CANCELED;1245128;257132;51282;64010;1224866
538591;POLICY3_CLOUD;TASK_CANCELED;1245128;257132;51282;64010;1224866
540315;POLICY3_CLOUD;TASK_CONCLUDED;989285;257132;71428;64010;1024221
540474;POLICY3_CLOUD;TASK_CANCELED;1245128;257132;51282;64010;1224866
541276;POLICY3_CLOUD;TASK_CONCLUDED;989285;257132;71428;64010;1024221
542603;POLICY3_CLOUD;TASK_CANCELED;1245128;257132;51282;64010;1224866
543825;POLICY3_CLOUD;TASK_CONCLUDED;989285;257132;71428;64010;1024221
544057;POLICY3_CLOUD;TASK_CONCLUDED;989285;257132;71428;64010;1024221
544152;POLICY3_CLOUD;TASK_CANCELED;1245128;257132;51282;64010;1224866
546611;POLICY3_CLOUD;TASK_CONCLUDED;989285;257132;71428;64010;1024221
547128;POLICY3_CLOUD;TASK_CANCELED;1245128;257132;51282;64010;1224866
547468;POLICY3_CLOUD;TASK_CONCLUDED;989285;257132;71428;64010;1024221
547976;POLICY3_CLOUD;TASK_CANCELED;1245128;257132;51282;64010;1224866
548457;POLICY3_CLOUD;TASK_CONCLUDED;989285;257132;71428;64010;1024221
551422;POLICY3_CLOUD;TASK_CANCELED;1245128;257132;51282;64010;1224866
553564;POLICY3_CLOUD;TASK_CANCELED;1245128;257132;51282;64010;1224866
554003;POLICY3_CLOUD;TASK_CANCELED;1245128;257132;51282;64010;1224866
554388;POLICY3_CLOUD;TASK_CONCLUDED;989285;257132;71428;64010;1024221
554724;POLICY3_CLOUD;TASK_CANCELED;1245128;257132;51282;64010;1224866
555077;POLICY3_CLOUD;TASK_CANCELED;1245128;257132;51282;64010;1224866
556210;POLICY3_CLOUD;TASK_CANCELED;1245128;257132;51282;64010;1224866
556225;POLICY3_CLOUD;TASK_CONCLUDED;989285;257132;71428;64010;1024221
556621;POLICY3_CLOUD;TASK_CONCLUDED;989285;257132;71428;64010;1024221
558010;POLICY3_CLOUD;TASK_CANCELED;1245128;257132;51282;64010;1224866
558314;POLICY3_CLOUD;TASK_CONCLUDED;989285;257132;71428;64010;1024221
559256;POLICY3_CLOUD;TASK_CANCELED;1245128;257132;51282;64010;1224866
560055;POLICY3_CLOUD;TASK_CONCLUDED;989285;257132;71428;64010;1024221
562647;POLICY3_CLOUD;TASK_CONCLUDED;989285;257132;71428;64010;1024221
563266;POLICY3_CLOUD;TASK_CONCLUDED;989285;257132;71428;64010;1024221
563380;POLICY3_CLOUD;TASK_CANCELED;1245128;257132;51282;64010;1224866
566300;POLICY3_CLOUD;TASK_CONCLUDED;989285;257132;71428;64010;1024221
567331;POLICY3_CLOUD;TASK_CONCLUDED;989285;257132;71428;64010;1024221
567347;POLICY3_CLOUD;TASK_CANCELED;1245128;257132;51282;64010;1224866
568291;POLICY3_CLOUD;TASK_CANCELED;1245128;257132;51282;64010;1224866
569880;POLICY3_CLOUD;TASK_CANCELED;1245128;257132;51282;64010;1224866
570480;POLICY3_CLOUD;TASK_CONCLUDED;989285;257132;71428;64010;1024221
571009;POLICY3_CLOUD;TASK_CANCELED;1245128;257132;51282;64010;1224866
571664;POLICY3_CLOUD;TASK_CONCLUDED;989285;257132;71428;64010;1024221
572365;POLICY3_CLOUD;TASK_CANCELED;1245128;257132;51282;64010;1224866
573574;POLICY3_CLOUD;TASK_CANCELED;1245128;257132;51282;64010;1224866
574006;POLICY3_CLOUD;TASK_CONCLUDED;989285;257132;71428;64010;1024221
574278;POLICY3_CLOUD;TASK_CONCLUDED;989285;257132;71428;64010;1024221
574953;POLICY3_CLOUD;TASK_CONCLUDED;989285;257132;71428;64010;1024221
575683;POLICY3_CLOUD;TASK_CONCLUDED;989285;257132;71428;64010;1024221
576388;POLICY3_CLOUD;TASK_CANCELED;1245128;257132;51282;64010;1224866
577225;POLICY3_CLOUD;TASK_CONCLUDED;989285;257132;71428;64010;1024221
577809;POLICY3_CLOUD;TASK_CANCELED;1245128;257132;51282;64010;1224866
579284;POLICY3_CLOUD;TASK_CONCLUDED;989285;257132;71428;64010;1024221
581250;POLICY3_CLOUD;TASK_CANCELED;1245128;257132;51282;64010;1224866
581680;POLICY3_CLOUD;TASK_CONCLUDED;989285;257132;71428;64010;1024221
582361;POLICY3_CLOUD;TASK_CANCELED;1245128;257132;51282;64010;1224866
584464;POLICY3_CLOUD;TASK_CONCLUDED;989285;257132;71428;64010;1024221
584579;POLICY3_CLOUD;TASK_CANCELED;1245128;257132;51282;64010;1224866
585803;POLICY3_CLOUD;TASK_CANCELED;1245128;257132;51282;64010;1224866
586251;POLICY3_CLOUD;TASK_CANCELED;1245128;257132;51282;64010;1224866
587835;POLICY3_CLOUD;TASK_CONCLUDED;989285;257132;71428;64010;1024221
589136;POLICY3_CLOUD;TASK_CONCLUDED;989285;257132;71428;64010;1024221
590557;POLICY3_CLOUD;TASK_CONCLUDED;989285;257132;71428;64010;1024221
591987;POLICY3_CLOUD;TASK_CANCELED;1245128;257132;51282;64010;1224866
592364;POLICY3_CLOUD;TASK_CONCLUDED;989285;257132;71428;64010;1024221
592655;POLICY3_CLOUD;TASK_CONCLUDED;989285;257132;71428;64010;1024221
594039;POLICY3_CLOUD;TASK_CONCLUDED;989285;257132;71428;64010;1024221
594374;POLICY3_CLOUD;TASK_CANCELED;1245128;257132;51282;64010;1224866
594930;POLICY3_CLOUD;TASK_CANCELED;1245128;257132;51282;64010;1224866
596254;POLICY3_CLOUD;TASK_CANCELED;1245128;257132;51282;64010;1224866
597280;POLICY3_CLOUD;TASK_CONCLUDED;989285;257132;71428;64010;1024221
597993;POLICY3_CLOUD;TASK_CONCLUDED;989285;257132;71428;64010;1024221
599087;POLICY2_MEC;TASK_CONCLUDED;245025;140313;266666;32021;368008
599552;POLICY3_CLOUD;TASK_CANCELED;1245128;257132;51282;64010;1224866
601510;POLICY3_CLOUD;TASK_CONCLUDED;989285;257132;71428;64010;1024221
602150;POLICY3_CLOUD;TASK_CANCELED;1245128;257132;51282;64010;1224866
603564;POLICY2_MEC;TASK_CONCLUDED;245025;140313;266666;32021;368008
604140;POLICY3_CLOUD;TASK_CANCELED;1245128;257132;51282;64010;1224866
604307;POLICY3_CLOUD;TASK_CONCLUDED;989285;257132;71428;64010;1024221
604525;POLICY2_MEC;TASK_CONCLUDED;245025;140313;266666;32021;368008
605065;POLICY3_CLOUD;TASK_CONCLUDED;989285;257132;71428;64010;1024221
606142;POLICY3_CLOUD;TASK_CONCLUDED;989285;257132;71428;64010;1024221
606651;POLICY3_CLOUD;TASK_CONCLUDED;989285;257132;71428;64010;1024221
607074;POLICY2_MEC;TASK_CONCLUDED;245025;140313;266666;32021;368008
607112;POLICY3_CLOUD;TASK_CANCELED;1245128;257132;51282;64010;1224866
607306;POLICY2_MEC;TASK_CONCLUDED;245025;140313;266666;32021;368008
607872;POLICY3_CLOUD;TASK_CANCELED;1245128;257132;51282;64010;1224866
609860;POLICY2_MEC;TASK_CONCLUDED;245025;140313;266666;32021;368008
610717;POLICY2_MEC;TASK_CONCLUDED;245025;140313;266666;32021;368008
610894;POLICY3_CLOUD;TASK_CANCELED;1245128;257132;51282;64010;1224866
611706;POLICY2_MEC;TASK_CONCLUDED;245025;140313;266666;32021;368008
612949;POLICY3_CLOUD;TASK_CONCLUDED;989285;257132;71428;64010;1024221
613494;POLICY3_CLOUD;TASK_CANCELED;1245128;257132;51282;64010;1224866
614849;POLICY3_CLOUD;TASK_CONCLUDED;989285;257132;71428;64010;1024221
615132;POLICY3_CLOUD;TASK_CONCLUDED;989285;257132;71428;64010;1024221
617637;POLICY2_MEC;TASK_CONCLUDED;245025;140313;266666;32021;368008
619474;POLICY2_MEC;TASK_CONCLUDED;245025;140313;266666;32021;368008
619589;POLICY3_CLOUD;TASK_CONCLUDED;989285;257132;71428;64010;1024221
619870;POLICY2_MEC;TASK_CONCLUDED;245025;140313;266666;32021;368008
621563;POLICY2_MEC;TASK_CONCLUDED;245025;140313;266666;32021;368008
622218;POLICY3_CLOUD;TASK_CONCLUDED;989285;257132;71428;64010;1024221
623186;POLICY3_CLOUD;TASK_CONCLUDED;989285;257132;71428;64010;1024221
623304;POLICY2_MEC;TASK_CONCLUDED;245025;140313;266666;32021;368008
624287;POLICY3_CLOUD;TASK_CONCLUDED;989285;257132;71428;64010;1024221
625896;POLICY2_MEC;TASK_CONCLUDED;245025;140313;266666;32021;368008
626515;POLICY2_MEC;TASK_CONCLUDED;245025;140313;266666;32021;368008
627972;POLICY3_CLOUD;TASK_CONCLUDED;989285;257132;71428;64010;1024221
628264;POLICY3_CLOUD;TASK_CONCLUDED;989285;257132;71428;64010;1024221
629549;POLICY2_MEC;TASK_CONCLUDED;245025;140313;266666;32021;368008
630580;POLICY2_MEC;TASK_CONCLUDED;245025;140313;266666;32021;368008
632615;POLICY3_CLOUD;TASK_CONCLUDED;989285;257132;71428;64010;1024221
633729;POLICY2_MEC;TASK_CONCLUDED;245025;140313;266666;32021;368008
634913;POLICY2_MEC;TASK_CONCLUDED;245025;140313;266666;32021;368008
637255;POLICY2_MEC;TASK_CONCLUDED;245025;140313;266666;32021;368008
