Time;Policy;Finalization Status;CPU core Energy;Transfer Energy;CPU core Time;Transfer Time;Cost
116570;POLICY3_CLOUD;TASK_CANCELED;1245128;257132;51282;64010;1224866
120601;POLICY3_CLOUD;TASK_CANCELED;1245128;257132;51282;64010;1224866
122162;POLICY3_CLOUD;TASK_CANCELED;1245128;257132;51282;64010;1224866
122843;POLICY3_CLOUD;TASK_CANCELED;1245128;257132;51282;64010;1224866
124805;POLICY3_CLOUD;TASK_CANCELED;1245128;257132;51282;64010;1224866
126802;POLICY3_CLOUD;TASK_CANCELED;1245128;257132;51282;64010;1224866
130105;POLICY3_CLOUD;TASK_CANCELED;1245128;257132;51282;64010;1224866
131275;POLICY3_CLOUD;TASK_CANCELED;1245128;257132;51282;64010;1224866
133662;POLICY3_CLOUD;TASK_CANCELED;1245128;257132;51282;64010;1224866
134692;POLICY3_CLOUD;TASK_CANCELED;1245128;257132;51282;64010;1224866
136368;POLICY3_CLOUD;TASK_CONCLUDED;989285;257132;71428;64010;1024221
137663;POLICY3_CLOUD;TASK_CANCELED;1245128;257132;51282;64010;1224866
139012;POLICY3_CLOUD;TASK_CANCELED;1245128;257132;51282;64010;1224866
139657;POLICY3_CLOUD;TASK_CONCLUDED;989285;257132;71428;64010;1024221
141764;POLICY3_CLOUD;TASK_CONCLUDED;989285;257132;71428;64010;1024221
142084;POLICY3_CLOUD;TASK_CANCELED;1245128;257132;51282;64010;1224866
142673;POLICY3_CLOUD;TASK_CONCLUDED;989285;257132;71428;64010;1024221
143257;POLICY3_CLOUD;TASK_CONCLUDED;989285;257132;71428;64010;1024221
145134;POLICY3_CLOUD;TASK_CONCLUDED;989285;257132;71428;64010;1024221
145362;POLICY3_CLOUD;TASK_CANCELED;1245128;257132;51282;64010;1224866
145928;POLICY3_CLOUD;TASK_CANCELED;1245128;257132;51282;64010;1224866
146384;POLICY3_CLOUD;TASK_CANCELED;1245128;257132;51282;64010;1224866
148593;POLICY3_CLOUD;TASK_CANCELED;1245128;257132;51282;64010;1224866
149331;POLICY3_CLOUD;TASK_CONCLUDED;989285;257132;71428;64010;1024221
151215;POLICY3_CLOUD;TASK_CONCLUDED;989285;257132;71428;64010;1024221
151616;POLICY3_CLOUD;TASK_CANCELED;1245128;257132;51282;64010;1224866
152953;POLICY3_CLOUD;TASK_CANCELED;1245128;257132;51282;64010;1224866
153745;POLICY3_CLOUD;TASK_CONCLUDED;989285;257132;71428;64010;1024221
153971;POLICY3_CLOUD;TASK_CONCLUDED;989285;257132;71428;64010;1024221
153988;POLICY3_CLOUD;TASK_CANCELED;1245128;257132;51282;64010;1224866
154811;POLICY3_CLOUD;TASK_CANCELED;1245128;257132;51282;64010;1224866
155976;POLICY3_CLOUD;TASK_CANCELED;1245128;257132;51282;64010;1224866
156486;POLICY3_CLOUD;TASK_CANCELED;1245128;257132;51282;64010;1224866
156961;POLICY3_CLOUD;TASK_CONCLUDED;989285;257132;71428;64010;1024221
157258;POLICY3_CLOUD;TASK_CANCELED;1245128;257132;51282;64010;1224866
157915;POLICY3_CLOUD;TASK_CONCLUDED;989285;257132;71428;64010;1024221
159484;POLICY3_CLOUD;TASK_CANCELED;1245128;257132;51282;64010;1224866
159518;POLICY3_CLOUD;TASK_CONCLUDED;989285;257132;71428;64010;1024221
163524;POLICY3_CLOUD;TASK_CANCELED;1245128;257132;51282;64010;1224866
164562;POLICY3_CLOUD;TASK_CANCELED;1245128;257132;51282;64010;1224866
164575;POLICY3_CLOUD;TASK_CONCLUDED;989285;257132;71428;64010;1024221
165573;POLICY3_CLOUD;TASK_CONCLUDED;989285;257132;71428;64010;1024221
166384;POLICY3_CLOUD;TASK_CONCLUDED;989285;257132;71428;64010;1024221
166765;POLICY3_CLOUD;TASK_CANCELED;1245128;257132;51282;64010;1224866
168107;POLICY3_CLOUD;TASK_CANCELED;1245128;257132;51282;64010;1224866
168116;POLICY3_CLOUD;TASK_CONCLUDED;989285;257132;71428;64010;1024221
170427;POLICY3_CLOUD;TASK_CANCELED;1245128;257132;51282;64010;1224866
170682;POLICY3_CLOUD;TASK_CONCLUDED;989285;257132;71428;64010;1024221
173008;POLICY3_CLOUD;TASK_CONCLUDED;989285;257132;71428;64010;1024221
173130;POLICY3_CLOUD;TASK_CANCELED;1245128;257132;51282;64010;1224866
173955;POLICY3_CLOUD;TASK_CONCLUDED;989285;257132;71428;64010;1024221
174410;POLICY3_CLOUD;TASK_CONCLUDED;989285;257132;71428;64010;1024221
175020;POLICY3_CLOUD;TASK_CONCLUDED;989285;257132;71428;64010;1024221
176434;POLICY3_CLOUD;TASK_CONCLUDED;989285;257132;71428;64010;1024221
176961;POLICY3_CLOUD;TASK_CONCLUDED;989285;257132;71428;64010;1024221
177632;POLICY3_CLOUD;TASK_CONCLUDED;989285;257132;71428;64010;1024221
178017;POLICY3_CLOUD;TASK_CANCELED;1245128;257132;51282;64010;1224866
178952;POLICY3_CLOUD;TASK_CANCELED;1245128;257132;51282;64010;1224866
181919;POLICY3_CLOUD;TASK_CANCELED;1245128;257132;51282;64010;1224866
182214;POLICY3_CLOUD;TASK_CONCLUDED;989285;257132;71428;64010;1024221
183528;POLICY3_CLOUD;TASK_CANCELED;1245128;257132;51282;64010;1224866
184332;POLICY3_CLOUD;TASK_CONCLUDED;989285;257132;71428;64010;1024221
184949;POLICY3_CLOUD;TASK_CANCELED;1245128;257132;51282;64010;1224866
185750;POLICY3_CLOUD;TASK_CONCLUDED;989285;257132;71428;64010;1024221
185903;POLICY3_CLOUD;TASK_CANCELED;1245128;257132;51282;64010;1224866
187082;POLICY3_CLOUD;TASK_CONCLUDED;989285;257132;71428;64010;1024221
188079;POLICY3_CLOUD;TASK_CANCELED;1245128;257132;51282;64010;1224866
188975;POLICY3_CLOUD;TASK_CANCELED;1245128;257132;51282;64010;1224866
190048;POLICY3_CLOUD;TASK_CONCLUDED;989285;257132;71428;64010;1024221
192007;POLICY3_CLOUD;TASK_CONCLUDED;989285;257132;71428;64010;1024221
193772;POLICY3_CLOUD;TASK_CANCELED;1245128;257132;51282;64010;1224866
194696;POLICY3_CLOUD;TASK_CANCELED;1245128;257132;51282;64010;1224866
195471;POLICY3_CLOUD;TASK_CANCELED;1245128;257132;51282;64010;1224866
197974;POLICY3_CLOUD;TASK_CONCLUDED;989285;257132;71428;64010;1024221
198920;POLICY3_CLOUD;TASK_CONCLUDED;989285;257132;71428;64010;1024221
200658;POLICY3_CLOUD;TASK_CANCELED;1245128;257132;51282;64010;1224866
200801;POLICY3_CLOUD;TASK_CONCLUDED;989285;257132;71428;64010;1024221
201731;POLICY3_CLOUD;TASK_CANCELED;1245128;257132;51282;64010;1224866
202995;POLICY3_CLOUD;TASK_CONCLUDED;989285;257132;71428;64010;1024221
204983;POLICY3_CLOUD;TASK_CANCELED;1245128;257132;51282;64010;1224866
205016;POLICY3_CLOUD;TASK_CONCLUDED;989285;257132;71428;64010;1024221
205733;POLICY3_CLOUD;TASK_CONCLUDED;989285;257132;71428;64010;1024221
206987;POLICY3_CLOUD;TASK_CANCELED;1245128;257132;51282;64010;1224866
207540;POLICY3_CLOUD;TASK_CONCLUDED;989285;257132;71428;64010;1024221
208809;POLICY3_CLOUD;TASK_CONCLUDED;989285;257132;71428;64010;1024221
209889;POLICY3_CLOUD;TASK_CANCELED;1245128;257132;51282;64010;1224866
211477;POLICY3_CLOUD;TASK_CONCLUDED;989285;257132;71428;64010;1024221
212076;POLICY3_CLOUD;TASK_CANCELED;1245128;257132;51282;64010;1224866
212630;POLICY3_CLOUD;TASK_CANCELED;1245128;257132;51282;64010;1224866
214036;POLICY3_CLOUD;TASK_CONCLUDED;989285;257132;71428;64010;1024221
215001;POLICY3_CLOUD;TASK_CANCELED;1245128;257132;51282;64010;1224866
215392;POLICY3_CLOUD;TASK_CONCLUDED;989285;257132;71428;64010;1024221
216167;POLICY3_CLOUD;TASK_CONCLUDED;989285;257132;71428;64010;1024221
216570;POLICY3_CLOUD;TASK_CANCELED;1245128;257132;51282;64010;1224866
220601;POLICY3_CLOUD;TASK_CANCELED;1245128;257132;51282;64010;1224866
221667;POLICY3_CLOUD;TASK_CONCLUDED;989285;257132;71428;64010;1024221
222162;POLICY3_CLOUD;TASK_CANCELED;1245128;257132;51282;64010;1224866
222716;POLICY3_CLOUD;TASK_CONCLUDED;989285;257132;71428;64010;1024221
222843;POLICY3_CLOUD;TASK_CANCELED;1245128;257132;51282;64010;1224866
224805;POLICY3_CLOUD;TASK_CANCELED;1245128;257132;51282;64010;1224866
226480;POLICY3_CLOUD;TASK_CONCLUDED;989285;257132;71428;64010;1024221
226802;POLICY3_CLOUD;TASK_CANCELED;1245128;257132;51282;64010;1224866
228237;POLICY3_CLOUD;TASK_CONCLUDED;989285;257132;71428;64010;1024221
230105;POLICY3_CLOUD;TASK_CANCELED;1245128;257132;51282;64010;1224866
230403;POLICY3_CLOUD;TASK_CONCLUDED;989285;257132;71428;64010;1024221
231275;POLICY3_CLOUD;TASK_CANCELED;1245128;257132;51282;64010;1224866
232510;POLICY3_CLOUD;TASK_CONCLUDED;989285;257132;71428;64010;1024221
233662;POLICY3_CLOUD;TASK_CANCELED;1245128;257132;51282;64010;1224866
233975;POLICY3_CLOUD;TASK_CONCLUDED;989285;257132;71428;64010;1024221
234692;POLICY3_CLOUD;TASK_CANCELED;1245128;257132;51282;64010;1224866
236368;POLICY3_CLOUD;TASK_CONCLUDED;989285;257132;71428;64010;1024221
237663;POLICY3_CLOUD;TASK_CANCELED;1245128;257132;51282;64010;1224866
239012;POLICY3_CLOUD;TASK_CANCELED;1245128;257132;51282;64010;1224866
239657;POLICY3_CLOUD;TASK_CONCLUDED;989285;257132;71428;64010;1024221
241764;POLICY3_CLOUD;TASK_CONCLUDED;989285;257132;71428;64010;1024221
242084;POLICY3_CLOUD;TASK_CANCELED;1245128;257132;51282;64010;1224866
242673;POLICY3_CLOUD;TASK_CONCLUDED;989285;257132;71428;64010;1024221
243257;POLICY3_CLOUD;TASK_CONCLUDED;989285;257132;71428;64010;1024221
245134;POLICY3_CLOUD;TASK_CONCLUDED;989285;257132;71428;64010;1024221
245362;POLICY3_CLOUD;TASK_CANCELED;1245128;257132;51282;64010;1224866
245928;POLICY3_CLOUD;TASK_CANCELED;1245128;257132;51282;64010;1224866
246384;POLICY3_CLOUD;TASK_CANCELED;1245128;257132;51282;64010;1224866
248593;POLICY3_CLOUD;TASK_CANCELED;1245128;257132;51282;64010;1224866
249331;POLICY3_CLOUD;TASK_CONCLUDED;989285;257132;71428;64010;1024221
251215;POLICY3_CLOUD;TASK_CONCLUDED;989285;257132;71428;64010;1024221
251616;POLICY3_CLOUD;TASK_CANCELED;1245128;257132;51282;64010;1224866
252953;POLICY3_CLOUD;TASK_CANCELED;1245128;257132;51282;64010;1224866
253745;POLICY3_CLOUD;TASK_CONCLUDED;989285;257132;71428;64010;1024221
253971;POLICY3_CLOUD;TASK_CONCLUDED;989285;257132;71428;64010;1024221
253988;POLICY3_CLOUD;TASK_CANCELED;1245128;257132;51282;64010;1224866
254811;POLICY3_CLOUD;TASK_CANCELED;1245128;257132;51282;64010;1224866
255976;POLICY3_CLOUD;TASK_CANCELED;1245128;257132;51282;64010;1224866
256486;POLICY3_CLOUD;TASK_CANCELED;1245128;257132;51282;64010;1224866
256961;POLICY3_CLOUD;TASK_CONCLUDED;989285;257132;71428;64010;1024221
257258;POLICY3_CLOUD;TASK_CANCELED;1245128;257132;51282;64010;1224866
257915;POLICY3_CLOUD;TASK_CONCLUDED;989285;257132;71428;64010;1024221
259484;POLICY3_CLOUD;TASK_CANCELED;1245128;257132;51282;64010;1224866
259518;POLICY3_CLOUD;TASK_CONCLUDED;989285;257132;71428;64010;1024221
263524;POLICY3_CLOUD;TASK_CANCELED;1245128;257132;51282;64010;1224866
264562;POLICY3_CLOUD;TASK_CANCELED;1245128;257132;51282;64010;1224866
264575;POLICY3_CLOUD;TASK_CONCLUDED;989285;257132;71428;64010;1024221
265573;POLICY3_CLOUD;TASK_CONCLUDED;989285;257132;71428;64010;1024221
266384;POLICY3_CLOUD;TASK_CONCLUDED;989285;257132;71428;64010;1024221
266765;POLICY3_CLOUD;TASK_CANCELED;1245128;257132;51282;64010;1224866
268107;POLICY3_CLOUD;TASK_CANCELED;1245128;257132;51282;64010;1224866
268116;POLICY3_CLOUD;TASK_CONCLUDED;989285;257132;71428;64010;1024221
270427;POLICY3_CLOUD;TASK_CANCELED;1245128;257132;51282;64010;1224866
270682;POLICY3_CLOUD;TASK_CONCLUDED;989285;257132;71428;64010;1024221
273008;POLICY3_CLOUD;TASK_CONCLUDED;989285;257132;71428;64010;1024221
273130;POLICY3_CLOUD;TASK_CANCELED;1245128;257132;51282;64010;1224866
273955;POLICY3_CLOUD;TASK_CONCLUDED;989285;257132;71428;64010;1024221
274410;POLICY3_CLOUD;TASK_CONCLUDED;989285;257132;71428;64010;1024221
275020;POLICY3_CLOUD;TASK_CONCLUDED;989285;257132;71428;64010;1024221
276434;POLICY3_CLOUD;TASK_CONCLUDED;989285;257132;71428;64010;1024221
276961;POLICY3_CLOUD;TASK_CONCLUDED;989285;257132;71428;64010;1024221
277632;POLICY3_CLOUD;TASK_CONCLUDED;989285;257132;71428;64010;1024221
278017;POLICY3_CLOUD;TASK_CANCELED;1245128;257132;51282;64010;1224866
278952;POLICY3_CLOUD;TASK_CANCELED;1245128;257132;51282;64010;1224866
281919;POLICY3_CLOUD;TASK_CANCELED;1245128;257132;51282;64010;1224866
282214;POLICY3_CLOUD;TASK_CONCLUDED;989285;257132;71428;64010;1024221
283528;POLICY3_CLOUD;TASK_CANCELED;1245128;257132;51282;64010;1224866
284332;POLICY3_CLOUD;TASK_CONCLUDED;989285;257132;71428;64010;1024221
284949;POLICY3_CLOUD;TASK_CANCELED;1245128;257132;51282;64010;1224866
285750;POLICY3_CLOUD;TASK_CONCLUDED;989285;257132;71428;64010;1024221
285903;POLICY3_CLOUD;TASK_CANCELED;1245128;257132;51282;64010;1224866
287082;POLICY3_CLOUD;TASK_CONCLUDED;989285;257132;71428;64010;1024221
288079;POLICY3_CLOUD;TASK_CANCELED;1245128;257132;51282;64010;1224866
288975;POLICY3_CLOUD;TASK_CANCELED;1245128;257132;51282;64010;1224866
290048;POLICY3_CLOUD;TASK_CONCLUDED;989285;257132;71428;64010;1024221
292007;POLICY3_CLOUD;TASK_CONCLUDED;989285;257132;71428;64010;1024221
293772;POLICY3_CLOUD;TASK_CANCELED;1245128;257132;51282;64010;1224866
294696;POLICY3_CLOUD;TASK_CANCELED;1245128;257132;51282;64010;1224866
295471;POLICY3_CLOUD;TASK_CANCELED;1245128;257132;51282;64010;1224866
297974;POLICY3_CLOUD;TASK_CONCLUDED;989285;257132;71428;64010;1024221
298920;POLICY3_CLOUD;TASK_CONCLUDED;989285;257132;71428;64010;1024221
300658;POLICY3_CLOUD;TASK_CANCELED;1245128;257132;51282;64010;1224866
300801;POLICY3_CLOUD;TASK_CONCLUDED;989285;257132;71428;64010;1024221
301731;POLICY3_CLOUD;TASK_CANCELED;1245128;257132;51282;64010;1224866
302995;POLICY3_CLOUD;TASK_CONCLUDED;989285;257132;71428;64010;1024221
304983;POLICY3_CLOUD;TASK_CANCELED;1245128;257132;51282;64010;1224866
305016;POLICY3_CLOUD;TASK_CONCLUDED;989285;257132;71428;64010;1024221
305733;POLICY3_CLOUD;TASK_CONCLUDED;989285;257132;71428;64010;1024221
306987;POLICY3_CLOUD;TASK_CANCELED;1245128;257132;51282;64010;1224866
307540;POLICY3_CLOUD;TASK_CONCLUDED;989285;257132;71428;64010;1024221
308809;POLICY3_CLOUD;TASK_CONCLUDED;989285;257132;71428;64010;1024221
309889;POLICY3_CLOUD;TASK_CANCELED;1245128;257132;51282;64010;1224866
311477;POLICY3_CLOUD;TASK_CONCLUDED;989285;257132;71428;64010;1024221
312076;POLICY3_CLOUD;TASK_CANCELED;1245128;257132;51282;64010;1224866
312630;POLICY3_CLOUD;TASK_CANCELED;1245128;257132;51282;64010;1224866
314036;POLICY3_CLOUD;TASK_CONCLUDED;989285;257132;71428;64010;1024221
315001;POLICY3_CLOUD;TASK_CANCELED;1245128;257132;51282;64010;1224866
315392;POLICY3_CLOUD;TASK_CONCLUDED;989285;257132;71428;64010;1024221
316167;POLICY3_CLOUD;TASK_CONCLUDED;989285;257132;71428;64010;1024221
316570;POLICY3_CLOUD;TASK_CANCELED;1245128;257132;51282;64010;1224866
320601;POLICY3_CLOUD;TASK_CANCELED;1245128;257132;51282;64010;1224866
321667;POLICY3_CLOUD;TASK_CONCLUDED;989285;257132;71428;64010;1024221
322162;POLICY3_CLOUD;TASK_CANCELED;1245128;257132;51282;64010;1224866
322716;POLICY3_CLOUD;TASK_CONCLUDED;989285;257132;71428;64010;1024221
322843;POLICY3_CLOUD;TASK_CANCELED;1245128;257132;51282;64010;1224866
324805;POLICY3_CLOUD;TASK_CANCELED;1245128;257132;51282;64010;1224866
326480;POLICY3_CLOUD;TASK_CONCLUDED;989285;257132;71428;64010;1024221
326802;POLICY3_CLOUD;TASK_CANCELED;1245128;257132;51282;64010;1224866
328237;POLICY3_CLOUD;TASK_CONCLUDED;989285;257132;71428;64010;1024221
330105;POLICY3_CLOUD;TASK_CANCELED;1245128;257132;51282;64010;1224866
330403;POLICY3_CLOUD;TASK_CONCLUDED;989285;257132;71428;64010;1024221
331275;POLICY3_CLOUD;TASK_CANCELED;1245128;257132;51282;64010;1224866
332510;POLICY3_CLOUD;TASK_CONCLUDED;989285;257132;71428;64010;1024221
333662;POLICY3_CLOUD;TASK_CANCELED;1245128;257132;51282;64010;1224866
333975;POLICY3_CLOUD;TASK_CONCLUDED;989285;257132;71428;64010;1024221
334692;POLICY3_CLOUD;TASK_CANCELED;1245128;257132;51282;64010;1224866
336368;POLICY3_CLOUD;TASK_CONCLUDED;989285;257132;71428;64010;1024221
337663;POLICY3_CLOUD;TASK_CANCELED;1245128;257132;51282;64010;1224866
339012;POLICY3_CLOUD;TASK_CANCELED;1245128;257132;51282;64010;1224866
339657;POLICY3_CLOUD;TASK_CONCLUDED;989285;257132;71428;64010;1024221
341764;POLICY3_CLOUD;TASK_CONCLUDED;989285;257132;71428;64010;1024221
342084;POLICY3_CLOUD;TASK_CANCELED;1245128;257132;51282;64010;1224866
342673;POLICY3_CLOUD;TASK_CONCLUDED;989285;257132;71428;64010;1024221
343257;POLICY3_CLOUD;TASK_CONCLUDED;989285;257132;71428;64010;1024221
345134;POLICY3_CLOUD;TASK_CONCLUDED;989285;257132;71428;64010;1024221
345362;POLICY3_CLOUD;TASK_CANCELED;1245128;257132;51282;64010;1224866
345928;POLICY3_CLOUD;TASK_CANCELED;1245128;257132;51282;64010;1224866
346384;POLICY3_CLOUD;TASK_CANCELED;1245128;257132;51282;64010;1224866
348593;POLICY3_CLOUD;TASK_CANCELED;1245128;257132;51282;64010;1224866
349331;POLICY3_CLOUD;TASK_CONCLUDED;989285;257132;71428;64010;1024221
351215;POLICY3_CLOUD;TASK_CONCLUDED;989285;257132;71428;64010;1024221
351616;POLICY3_CLOUD;TASK_CANCELED;1245128;257132;51282;64010;1224866
352953;POLICY3_CLOUD;TASK_CANCELED;1245128;257132;51282;64010;1224866
353745;POLICY3_CLOUD;TASK_CONCLUDED;989285;257132;71428;64010;1024221
353971;POLICY3_CLOUD;TASK_CONCLUDED;989285;257132;71428;64010;1024221
353988;POLICY3_CLOUD;TASK_CANCELED;1245128;257132;51282;64010;1224866
354811;POLICY3_CLOUD;TASK_CANCELED;1245128;257132;51282;64010;1224866
355976;POLICY3_CLOUD;TASK_CANCELED;1245128;257132;51282;64010;1224866
356486;POLICY3_CLOUD;TASK_CANCELED;1245128;257132;51282;64010;1224866
356961;POLICY3_CLOUD;TASK_CONCLUDED;989285;257132;71428;64010;1024221
357258;POLICY3_CLOUD;TASK_CANCELED;1245128;257132;51282;64010;1224866
357915;POLICY3_CLOUD;TASK_CONCLUDED;989285;257132;71428;64010;1024221
359484;POLICY3_CLOUD;TASK_CANCELED;1245128;257132;51282;64010;1224866
359518;POLICY3_CLOUD;TASK_CONCLUDED;989285;257132;71428;64010;1024221
363524;POLICY3_CLOUD;TASK_CANCELED;1245128;257132;51282;64010;1224866
364562;POLICY3_CLOUD;TASK_CANCELED;1245128;257132;51282;64010;1224866
364575;POLICY3_CLOUD;TASK_CONCLUDED;989285;257132;71428;64010;1024221
365573;POLICY3_CLOUD;TASK_CONCLUDED;989285;257132;71428;64010;1024221
366384;POLICY3_CLOUD;TASK_CONCLUDED;989285;257132;71428;64010;1024221
366765;POLICY3_CLOUD;TASK_CANCELED;1245128;257132;51282;64010;1224866
368107;POLICY3_CLOUD;TASK_CANCELED;1245128;257132;51282;64010;1224866
368116;POLICY3_CLOUD;TASK_CONCLUDED;989285;257132;71428;64010;1024221
370427;POLICY3_CLOUD;TASK_CANCELED;1245128;257132;51282;64010;1224866
370682;POLICY3_CLOUD;TASK_CONCLUDED;989285;257132;71428;64010;1024221
373008;POLICY3_CLOUD;TASK_CONCLUDED;989285;257132;71428;64010;1024221
373130;POLICY3_CLOUD;TASK_CANCELED;1245128;257132;51282;64010;1224866
373955;POLICY3_CLOUD;TASK_CONCLUDED;989285;257132;71428;64010;1024221
374410;POLICY3_CLOUD;TASK_CONCLUDED;989285;257132;71428;64010;1024221
375020;POLICY3_CLOUD;TASK_CONCLUDED;989285;257132;71428;64010;1024221
376434;POLICY3_CLOUD;TASK_CONCLUDED;989285;257132;71428;64010;1024221
376961;POLICY3_CLOUD;TASK_CONCLUDED;989285;257132;71428;64010;1024221
377632;POLICY3_CLOUD;TASK_CONCLUDED;989285;257132;71428;64010;1024221
378017;POLICY3_CLOUD;TASK_CANCELED;1245128;257132;51282;64010;1224866
378952;POLICY3_CLOUD;TASK_CANCELED;1245128;257132;51282;64010;1224866
381919;POLICY3_CLOUD;TASK_CANCELED;1245128;257132;51282;64010;1224866
382214;POLICY3_CLOUD;TASK_CONCLUDED;989285;257132;71428;64010;1024221
383528;POLICY3_CLOUD;TASK_CANCELED;1245128;257132;51282;64010;1224866
384332;POLICY3_CLOUD;TASK_CONCLUDED;989285;257132;71428;64010;1024221
384949;POLICY3_CLOUD;TASK_CANCELED;1245128;257132;51282;64010;1224866
385750;POLICY3_CLOUD;TASK_CONCLUDED;989285;257132;71428;64010;1024221
385903;POLICY3_CLOUD;TASK_CANCELED;1245128;257132;51282;64010;1224866
387082;POLICY3_CLOUD;TASK_CONCLUDED;989285;257132;71428;64010;1024221
388079;POLICY3_CLOUD;TASK_CANCELED;1245128;257132;51282;64010;1224866
388975;POLICY3_CLOUD;TASK_CANCELED;1245128;257132;51282;64010;1224866
390048;POLICY3_CLOUD;TASK_CONCLUDED;989285;257132;71428;64010;1024221
392007;POLICY3_CLOUD;TASK_CONCLUDED;989285;257132;71428;64010;1024221
393772;POLICY3_CLOUD;TASK_CANCELED;1245128;257132;51282;64010;1224866
394696;POLICY3_CLOUD;TASK_CANCELED;1245128;257132;51282;64010;1224866
395471;POLICY3_CLOUD;TASK_CANCELED;1245128;257132;51282;64010;1224866
397974;POLICY3_CLOUD;TASK_CONCLUDED;989285;257132;71428;64010;1024221
398920;POLICY3_CLOUD;TASK_CONCLUDED;989285;257132;71428;64010;1024221
400658;POLICY3_CLOUD;TASK_CANCELED;1245128;257132;51282;64010;1224866
400801;POLICY3_CLOUD;TASK_CONCLUDED;989285;257132;71428;64010;1024221
401731;POLICY3_CLOUD;TASK_CANCELED;1245128;257132;51282;64010;1224866
402995;POLICY3_CLOUD;TASK_CONCLUDED;989285;257132;71428;64010;1024221
404983;POLICY3_CLOUD;TASK_CANCELED;1245128;257132;51282;64010;1224866
405016;POLICY3_CLOUD;TASK_CONCLUDED;989285;257132;71428;64010;1024221
405733;POLICY3_CLOUD;TASK_CONCLUDED;989285;257132;71428;64010;1024221
406987;POLICY3_CLOUD;TASK_CANCELED;1245128;257132;51282;64010;1224866
407540;POLICY3_CLOUD;TASK_CONCLUDED;989285;257132;71428;64010;1024221
408809;POLICY3_CLOUD;TASK_CONCLUDED;989285;257132;71428;64010;1024221
409889;POLICY3_CLOUD;TASK_CANCELED;1245128;257132;51282;64010;1224866
411477;POLICY3_CLOUD;TASK_CONCLUDED;989285;257132;71428;64010;1024221
412076;POLICY3_CLOUD;TASK_CANCELED;1245128;257132;51282;64010;1224866
412630;POLICY3_CLOUD;TASK_CANCELED;1245128;257132;51282;64010;1224866
414036;POLICY3_CLOUD;TASK_CONCLUDED;989285;257132;71428;64010;1024221
415001;POLICY3_CLOUD;TASK_CANCELED;1245128;257132;51282;64010;1224866
415392;POLICY3_CLOUD;TASK_CONCLUDED;989285;257132;71428;64010;1024221
416167;POLICY3_CLOUD;TASK_CONCLUDED;989285;257132;71428;64010;1024221
416570;POLICY3_CLOUD;TASK_CANCELED;1245128;257132;51282;64010;1224866
420601;POLICY3_CLOUD;TASK_CANCELED;1245128;257132;51282;64010;1224866
421667;POLICY3_CLOUD;TASK_CONCLUDED;989285;257132;71428;64010;1024221
422162;POLICY3_CLOUD;TASK_CANCELED;1245128;257132;51282;64010;1224866
422716;POLICY3_CLOUD;TASK_CONCLUDED;989285;257132;71428;64010;1024221
422843;POLICY3_CLOUD;TASK_CANCELED;1245128;257132;51282;64010;1224866
424805;POLICY3_CLOUD;TASK_CANCELED;1245128;257132;51282;64010;1224866
426480;POLICY3_CLOUD;TASK_CONCLUDED;989285;257132;71428;64010;1024221
426802;POLICY3_CLOUD;TASK_CANCELED;1245128;257132;51282;64010;1224866
428237;POLICY3_CLOUD;TASK_CONCLUDED;989285;257132;71428;64010;1024221
430105;POLICY3_CLOUD;TASK_CANCELED;1245128;257132;51282;64010;1224866
430403;POLICY3_CLOUD;TASK_CONCLUDED;989285;257132;71428;64010;1024221
431275;POLICY3_CLOUD;TASK_CANCELED;1245128;257132;51282;64010;1224866
432510;POLICY3_CLOUD;TASK_CONCLUDED;989285;257132;71428;64010;1024221
433662;POLICY3_CLOUD;TASK_CANCELED;1245128;257132;51282;64010;1224866
433975;POLICY3_CLOUD;TASK_CONCLUDED;989285;257132;71428;64010;1024221
434692;POLICY3_CLOUD;TASK_CANCELED;1245128;257132;51282;64010;1224866
436368;POLICY3_CLOUD;TASK_CONCLUDED;989285;257132;71428;64010;1024221
437663;POLICY3_CLOUD;TASK_CANCELED;1245128;257132;51282;64010;1224866
439012;POLICY3_CLOUD;TASK_CANCELED;1245128;257132;51282;64010;1224866
439657;POLICY3_CLOUD;TASK_CONCLUDED;989285;257132;71428;64010;1024221
441764;POLICY3_CLOUD;TASK_CONCLUDED;989285;257132;71428;64010;1024221
442084;POLICY3_CLOUD;TASK_CANCELED;1245128;257132;51282;64010;1224866
442673;POLICY3_CLOUD;TASK_CONCLUDED;989285;257132;71428;64010;1024221
443257;POLICY3_CLOUD;TASK_CONCLUDED;989285;257132;71428;64010;1024221
445134;POLICY3_CLOUD;TASK_CONCLUDED;989285;257132;71428;64010;1024221
445362;POLICY3_CLOUD;TASK_CANCELED;1245128;257132;51282;64010;1224866
445928;POLICY3_CLOUD;TASK_CANCELED;1245128;257132;51282;64010;1224866
446384;POLICY3_CLOUD;TASK_CANCELED;1245128;257132;51282;64010;1224866
448593;POLICY3_CLOUD;TASK_CANCELED;1245128;257132;51282;64010;1224866
449331;POLICY3_CLOUD;TASK_CONCLUDED;989285;257132;71428;64010;1024221
451215;POLICY3_CLOUD;TASK_CONCLUDED;989285;257132;71428;64010;1024221
451616;POLICY3_CLOUD;TASK_CANCELED;1245128;257132;51282;64010;1224866
452953;POLICY3_CLOUD;TASK_CANCELED;1245128;257132;51282;64010;1224866
453745;POLICY3_CLOUD;TASK_CONCLUDED;989285;257132;71428;64010;1024221
453971;POLICY3_CLOUD;TASK_CONCLUDED;989285;257132;71428;64010;1024221
453988;POLICY3_CLOUD;TASK_CANCELED;1245128;257132;51282;64010;1224866
454811;POLICY3_CLOUD;TASK_CANCELED;1245128;257132;51282;64010;1224866
455976;POLICY3_CLOUD;TASK_CANCELED;1245128;257132;51282;64010;1224866
456486;POLICY3_CLOUD;TASK_CANCELED;1245128;257132;51282;64010;1224866
456961;POLICY3_CLOUD;TASK_CONCLUDED;989285;257132;71428;64010;1024221
457258;POLICY3_CLOUD;TASK_CANCELED;1245128;257132;51282;64010;1224866
457915;POLICY3_CLOUD;TASK_CONCLUDED;989285;257132;71428;64010;1024221
459484;POLICY3_CLOUD;TASK_CANCELED;1245128;257132;51282;64010;1224866
459518;POLICY3_CLOUD;TASK_CONCLUDED;989285;257132;71428;64010;1024221
463524;POLICY3_CLOUD;TASK_CANCELED;1245128;257132;51282;64010;1224866
464562;POLICY3_CLOUD;TASK_CANCELED;1245128;257132;51282;64010;1224866
464575;POLICY3_CLOUD;TASK_CONCLUDED;989285;257132;71428;64010;1024221
465573;POLICY3_CLOUD;TASK_CONCLUDED;989285;257132;71428;64010;1024221
466384;POLICY3_CLOUD;TASK_CONCLUDED;989285;257132;71428;64010;1024221
466765;POLICY3_CLOUD;TASK_CANCELED;1245128;257132;51282;64010;1224866
468107;POLICY3_CLOUD;TASK_CANCELED;1245128;257132;51282;64010;1224866
468116;POLICY3_CLOUD;TASK_CONCLUDED;989285;257132;71428;64010;1024221
470427;POLICY3_CLOUD;TASK_CANCELED;1245128;257132;51282;64010;1224866
470682;POLICY3_CLOUD;TASK_CONCLUDED;989285;257132;71428;64010;1024221
473008;POLICY3_CLOUD;TASK_CONCLUDED;989285;257132;71428;64010;1024221
473130;POLICY3_CLOUD;TASK_CANCELED;1245128;257132;51282;64010;1224866
473955;POLICY3_CLOUD;TASK_CONCLUDED;989285;257132;71428;64010;1024221
474410;POLICY3_CLOUD;TASK_CONCLUDED;989285;257132;71428;64010;1024221
475020;POLICY3_CLOUD;TASK_CONCLUDED;989285;257132;71428;64010;1024221
476434;POLICY3_CLOUD;TASK_CONCLUDED;989285;257132;71428;64010;1024221
476961;POLICY3_CLOUD;TASK_CONCLUDED;989285;257132;71428;64010;1024221
477632;POLICY3_CLOUD;TASK_CONCLUDED;989285;257132;71428;64010;1024221
478017;POLICY3_CLOUD;TASK_CANCELED;1245128;257132;51282;64010;1224866
478952;POLICY3_CLOUD;TASK_CANCELED;1245128;257132;51282;64010;1224866
481919;POLICY3_CLOUD;TASK_CANCELED;1245128;257132;51282;64010;1224866
482214;POLICY3_CLOUD;TASK_CONCLUDED;989285;257132;71428;64010;1024221
483528;POLICY3_CLOUD;TASK_CANCELED;1245128;257132;51282;64010;1224866
484332;POLICY3_CLOUD;TASK_CONCLUDED;989285;257132;71428;64010;1024221
484949;POLICY3_CLOUD;TASK_CANCELED;1245128;257132;51282;64010;1224866
485750;POLICY3_CLOUD;TASK_CONCLUDED;989285;257132;71428;64010;1024221
485903;POLICY3_CLOUD;TASK_CANCELED;1245128;257132;51282;64010;1224866
487082;POLICY3_CLOUD;TASK_CONCLUDED;989285;257132;71428;64010;1024221
488079;POLICY3_CLOUD;TASK_CANCELED;1245128;257132;51282;64010;1224866
488975;POLICY3_CLOUD;TASK_CANCELED;1245128;257132;51282;64010;1224866
490048;POLICY3_CLOUD;TASK_CONCLUDED;989285;257132;71428;64010;1024221
492007;POLICY3_CLOUD;TASK_CONCLUDED;989285;257132;71428;64010;1024221
493772;POLICY3_CLOUD;TASK_CANCELED;1245128;257132;51282;64010;1224866
494696;POLICY3_CLOUD;TASK_CANCELED;1245128;257132;51282;64010;1224866
495471;POLICY3_CLOUD;TASK_CANCELED;1245128;257132;51282;64010;1224866
497974;POLICY3_CLOUD;TASK_CONCLUDED;989285;257132;71428;64010;1024221
498920;POLICY3_CLOUD;TASK_CONCLUDED;989285;257132;71428;64010;1024221
500658;POLICY3_CLOUD;TASK_CANCELED;1245128;257132;51282;64010;1224866
500801;POLICY3_CLOUD;TASK_CONCLUDED;989285;257132;71428;64010;1024221
501731;POLICY3_CLOUD;TASK_CANCELED;1245128;257132;51282;64010;1224866
502995;POLICY3_CLOUD;TASK_CONCLUDED;989285;257132;71428;64010;1024221
504983;POLICY3_CLOUD;TASK_CANCELED;1245128;257132;51282;64010;1224866
505016;POLICY3_CLOUD;TASK_CONCLUDED;989285;257132;71428;64010;1024221
505733;POLICY3_CLOUD;TASK_CONCLUDED;989285;257132;71428;64010;1024221
506987;POLICY3_CLOUD;TASK_CANCELED;1245128;257132;51282;64010;1224866
507540;POLICY3_CLOUD;TASK_CONCLUDED;989285;257132;71428;64010;1024221
508809;POLICY3_CLOUD;TASK_CONCLUDED;989285;257132;71428;64010;1024221
509889;POLICY3_CLOUD;TASK_CANCELED;1245128;257132;51282;64010;1224866
511477;POLICY3_CLOUD;TASK_CONCLUDED;989285;257132;71428;64010;1024221
512076;POLICY3_CLOUD;TASK_CANCELED;1245128;257132;51282;64010;1224866
512630;POLICY3_CLOUD;TASK_CANCELED;1245128;257132;51282;64010;1224866
514036;POLICY3_CLOUD;TASK_CONCLUDED;989285;257132;71428;64010;1024221
515001;POLICY3_CLOUD;TASK_CANCELED;1245128;257132;51282;64010;1224866
515392;POLICY3_CLOUD;TASK_CONCLUDED;989285;257132;71428;64010;1024221
516167;POLICY3_CLOUD;TASK_CONCLUDED;989285;257132;71428;64010;1024221
516570;POLICY3_CLOUD;TASK_CANCELED;1245128;257132;51282;64010;1224866
520601;POLICY3_CLOUD;TASK_CANCELED;1245128;257132;51282;64010;1224866
521667;POLICY3_CLOUD;TASK_CONCLUDED;989285;257132;71428;64010;1024221
522162;POLICY3_CLOUD;TASK_CANCELED;1245128;257132;51282;64010;1224866
522716;POLICY3_CLOUD;TASK_CONCLUDED;989285;257132;71428;64010;1024221
522843;POLICY3_CLOUD;TASK_CANCELED;1245128;257132;51282;64010;1224866
524805;POLICY3_CLOUD;TASK_CANCELED;1245128;257132;51282;64010;1224866
526480;POLICY3_CLOUD;TASK_CONCLUDED;989285;257132;71428;64010;1024221
526802;POLICY3_CLOUD;TASK_CANCELED;1245128;257132;51282;64010;1224866
528237;POLICY3_CLOUD;TASK_CONCLUDED;989285;257132;71428;64010;1024221
530105;POLICY3_CLOUD;TASK_CANCELED;1245128;257132;51282;64010;1224866
530403;POLICY3_CLOUD;TASK_CONCLUDED;989285;257132;71428;64010;1024221
531275;POLICY3_CLOUD;TASK_CANCELED;1245128;257132;51282;64010;1224866
532510;POLICY3_CLOUD;TASK_CONCLUDED;989285;257132;71428;64010;1024221
533662;POLICY3_CLOUD;TASK_CANCELED;1245128;257132;51282;64010;1224866
533975;POLICY3_CLOUD;TASK_CONCLUDED;989285;257132;71428;64010;1024221
534692;POLICY3_CLOUD;TASK_CANCELED;1245128;257132;51282;64010;1224866
536368;POLICY3_CLOUD;TASK_CONCLUDED;989285;257132;71428;64010;1024221
537663;POLICY3_CLOUD;TASK_CANCELED;1245128;257132;51282;64010;1224866
539012;POLICY3_CLOUD;TASK_CANCELED;1245128;257132;51282;64010;1224866
539657;POLICY3_CLOUD;TASK_CONCLUDED;989285;257132;71428;64010;1024221
541764;POLICY3_CLOUD;TASK_CONCLUDED;989285;257132;71428;64010;1024221
542084;POLICY3_CLOUD;TASK_CANCELED;1245128;257132;51282;64010;1224866
542673;POLICY3_CLOUD;TASK_CONCLUDED;989285;257132;71428;64010;1024221
543257;POLICY3_CLOUD;TASK_CONCLUDED;989285;257132;71428;64010;1024221
545134;POLICY3_CLOUD;TASK_CONCLUDED;989285;257132;71428;64010;1024221
545362;POLICY3_CLOUD;TASK_CANCELED;1245128;257132;51282;64010;1224866
545928;POLICY3_CLOUD;TASK_CANCELED;1245128;257132;51282;64010;1224866
546384;POLICY3_CLOUD;TASK_CANCELED;1245128;257132;51282;64010;1224866
548593;POLICY3_CLOUD;TASK_CANCELED;1245128;257132;51282;64010;1224866
549331;POLICY3_CLOUD;TASK_CONCLUDED;989285;257132;71428;64010;1024221
551215;POLICY3_CLOUD;TASK_CONCLUDED;989285;257132;71428;64010;1024221
551616;POLICY3_CLOUD;TASK_CANCELED;1245128;257132;51282;64010;1224866
552953;POLICY3_CLOUD;TASK_CANCELED;1245128;257132;51282;64010;1224866
553745;POLICY3_CLOUD;TASK_CONCLUDED;989285;257132;71428;64010;1024221
553971;POLICY3_CLOUD;TASK_CONCLUDED;989285;257132;71428;64010;1024221
553988;POLICY3_CLOUD;TASK_CANCELED;1245128;257132;51282;64010;1224866
554811;POLICY3_CLOUD;TASK_CANCELED;1245128;257132;51282;64010;1224866
555976;POLICY3_CLOUD;TASK_CANCELED;1245128;257132;51282;64010;1224866
556486;POLICY3_CLOUD;TASK_CANCELED;1245128;257132;51282;64010;1224866
556961;POLICY3_CLOUD;TASK_CONCLUDED;989285;257132;71428;64010;1024221
557258;POLICY3_CLOUD;TASK_CANCELED;1245128;257132;51282;64010;1224866
557915;POLICY3_CLOUD;TASK_CONCLUDED;989285;257132;71428;64010;1024221
559484;POLICY3_CLOUD;TASK_CANCELED;1245128;257132;51282;64010;1224866
559518;POLICY3_CLOUD;TASK_CONCLUDED;989285;257132;71428;64010;1024221
563524;POLICY3_CLOUD;TASK_CANCELED;1245128;257132;51282;64010;1224866
564562;POLICY3_CLOUD;TASK_CANCELED;1245128;257132;51282;64010;1224866
564575;POLICY3_CLOUD;TASK_CONCLUDED;989285;257132;71428;64010;1024221
565573;POLICY3_CLOUD;TASK_CONCLUDED;989285;257132;71428;64010;1024221
566384;POLICY3_CLOUD;TASK_CONCLUDED;989285;257132;71428;64010;1024221
566765;POLICY3_CLOUD;TASK_CANCELED;1245128;257132;51282;64010;1224866
568107;POLICY3_CLOUD;TASK_CANCELED;1245128;257132;51282;64010;1224866
568116;POLICY3_CLOUD;TASK_CONCLUDED;989285;257132;71428;64010;1024221
570427;POLICY3_CLOUD;TASK_CANCELED;1245128;257132;51282;64010;1224866
570682;POLICY3_CLOUD;TASK_CONCLUDED;989285;257132;71428;64010;1024221
573008;POLICY3_CLOUD;TASK_CONCLUDED;989285;257132;71428;64010;1024221
573130;POLICY3_CLOUD;TASK_CANCELED;1245128;257132;51282;64010;1224866
573955;POLICY3_CLOUD;TASK_CONCLUDED;989285;257132;71428;64010;1024221
574410;POLICY3_CLOUD;TASK_CONCLUDED;989285;257132;71428;64010;1024221
575020;POLICY3_CLOUD;TASK_CONCLUDED;989285;257132;71428;64010;1024221
576434;POLICY3_CLOUD;TASK_CONCLUDED;989285;257132;71428;64010;1024221
576961;POLICY3_CLOUD;TASK_CONCLUDED;989285;257132;71428;64010;1024221
577632;POLICY3_CLOUD;TASK_CONCLUDED;989285;257132;71428;64010;1024221
578017;POLICY3_CLOUD;TASK_CANCELED;1245128;257132;51282;64010;1224866
578952;POLICY3_CLOUD;TASK_CANCELED;1245128;257132;51282;64010;1224866
581919;POLICY3_CLOUD;TASK_CANCELED;1245128;257132;51282;64010;1224866
582214;POLICY3_CLOUD;TASK_CONCLUDED;989285;257132;71428;64010;1024221
583528;POLICY3_CLOUD;TASK_CANCELED;1245128;257132;51282;64010;1224866
584332;POLICY3_CLOUD;TASK_CONCLUDED;989285;257132;71428;64010;1024221
584949;POLICY3_CLOUD;TASK_CANCELED;1245128;257132;51282;64010;1224866
585750;POLICY3_CLOUD;TASK_CONCLUDED;989285;257132;71428;64010;1024221
585903;POLICY3_CLOUD;TASK_CANCELED;1245128;257132;51282;64010;1224866
587082;POLICY3_CLOUD;TASK_CONCLUDED;989285;257132;71428;64010;1024221
588079;POLICY3_CLOUD;TASK_CANCELED;1245128;257132;51282;64010;1224866
588975;POLICY3_CLOUD;TASK_CANCELED;1245128;257132;51282;64010;1224866
590048;POLICY3_CLOUD;TASK_CONCLUDED;989285;257132;71428;64010;1024221
592007;POLICY3_CLOUD;TASK_CONCLUDED;989285;257132;71428;64010;1024221
593772;POLICY3_CLOUD;TASK_CANCELED;1245128;257132;51282;64010;1224866
594696;POLICY3_CLOUD;TASK_CANCELED;1245128;257132;51282;64010;1224866
595471;POLICY3_CLOUD;TASK_CANCELED;1245128;257132;51282;64010;1224866
597974;POLICY3_CLOUD;TASK_CONCLUDED;989285;257132;71428;64010;1024221
598920;POLICY3_CLOUD;TASK_CONCLUDED;989285;257132;71428;64010;1024221
600658;POLICY3_CLOUD;TASK_CANCELED;1245128;257132;51282;64010;1224866
600801;POLICY3_CLOUD;TASK_CONCLUDED;989285;257132;71428;64010;1024221
601731;POLICY3_CLOUD;TASK_CANCELED;1245128;257132;51282;64010;1224866
602995;POLICY3_CLOUD;TASK_CONCLUDED;989285;257132;71428;64010;1024221
604983;POLICY3_CLOUD;TASK_CANCELED;1245128;257132;51282;64010;1224866
605016;POLICY3_CLOUD;TASK_CONCLUDED;989285;257132;71428;64010;1024221
605733;POLICY3_CLOUD;TASK_CONCLUDED;989285;257132;71428;64010;1024221
606987;POLICY3_CLOUD;TASK_CANCELED;1245128;257132;51282;64010;1224866
607540;POLICY3_CLOUD;TASK_CONCLUDED;989285;257132;71428;64010;1024221
608809;POLICY3_CLOUD;TASK_CONCLUDED;989285;257132;71428;64010;1024221
609889;POLICY3_CLOUD;TASK_CANCELED;1245128;257132;51282;64010;1224866
611477;POLICY3_CLOUD;TASK_CONCLUDED;989285;257132;71428;64010;1024221
612076;POLICY3_CLOUD;TASK_CANCELED;1245128;257132;51282;64010;1224866
612630;POLICY3_CLOUD;TASK_CANCELED;1245128;257132;51282;64010;1224866
614036;POLICY3_CLOUD;TASK_CONCLUDED;989285;257132;71428;64010;1024221
615001;POLICY3_CLOUD;TASK_CANCELED;1245128;257132;51282;64010;1224866
615392;POLICY3_CLOUD;TASK_CONCLUDED;989285;257132;71428;64010;1024221
616167;POLICY3_CLOUD;TASK_CONCLUDED;989285;257132;71428;64010;1024221
621667;POLICY3_CLOUD;TASK_CONCLUDED;989285;257132;71428;64010;1024221
622716;POLICY3_CLOUD;TASK_CONCLUDED;989285;257132;71428;64010;1024221
626480;POLICY3_CLOUD;TASK_CONCLUDED;989285;257132;71428;64010;1024221
628237;POLICY3_CLOUD;TASK_CONCLUDED;989285;257132;71428;64010;1024221
630403;POLICY3_CLOUD;TASK_CONCLUDED;989285;257132;71428;64010;1024221
632510;POLICY3_CLOUD;TASK_CONCLUDED;989285;257132;71428;64010;1024221
633975;POLICY3_CLOUD;TASK_CONCLUDED;989285;257132;71428;64010;1024221
