Time;Policy;Finalization Status;CPU core Energy;Transfer Energy;CPU core Time;Transfer Time;Cost
118048;POLICY3_CLOUD;TASK_CANCELED;1245128;257132;51282;64010;1224866
119692;POLICY3_CLOUD;TASK_CANCELED;1245128;257132;51282;64010;1224866
120188;POLICY3_CLOUD;TASK_CANCELED;1245128;257132;51282;64010;1224866
124545;POLICY3_CLOUD;TASK_CANCELED;1245128;257132;51282;64010;1224866
125185;POLICY3_CLOUD;TASK_CANCELED;1245128;257132;51282;64010;1224866
125945;POLICY3_CLOUD;TASK_CANCELED;1245128;257132;51282;64010;1224866
127741;POLICY3_CLOUD;TASK_CANCELED;1245128;257132;51282;64010;1224866
129395;POLICY3_CLOUD;TASK_CANCELED;1245128;257132;51282;64010;1224866
130509;POLICY3_CLOUD;TASK_CANCELED;1245128;257132;51282;64010;1224866
132735;POLICY3_CLOUD;TASK_CANCELED;1245128;257132;51282;64010;1224866
132989;POLICY3_CLOUD;TASK_CANCELED;1245128;257132;51282;64010;1224866
137536;POLICY3_CLOUD;TASK_CANCELED;1245128;257132;51282;64010;1224866
139684;POLICY3_CLOUD;TASK_CANCELED;1245128;257132;51282;64010;1224866
139839;POLICY3_CLOUD;TASK_CANCELED;1245128;257132;51282;64010;1224866
141548;POLICY3_CLOUD;TASK_CANCELED;1245128;257132;51282;64010;1224866
142280;POLICY3_CLOUD;TASK_CANCELED;1245128;257132;51282;64010;1224866
145753;POLICY3_CLOUD;TASK_CANCELED;1245128;257132;51282;64010;1224866
151399;POLICY3_CLOUD;TASK_CANCELED;1245128;257132;51282;64010;1224866
151630;POLICY3_CLOUD;TASK_CANCELED;1245128;257132;51282;64010;1224866
153969;POLICY3_CLOUD;TASK_CANCELED;1245128;257132;51282;64010;1224866
154374;POLICY3_CLOUD;TASK_CANCELED;1245128;257132;51282;64010;1224866
154827;POLICY3_CLOUD;TASK_CANCELED;1245128;257132;51282;64010;1224866
156568;POLICY3_CLOUD;TASK_CANCELED;1245128;257132;51282;64010;1224866
161469;POLICY3_CLOUD;TASK_CANCELED;1245128;257132;51282;64010;1224866
162809;POLICY3_CLOUD;TASK_CANCELED;1245128;257132;51282;64010;1224866
170831;POLICY3_CLOUD;TASK_CANCELED;1245128;257132;51282;64010;1224866
171215;POLICY3_CLOUD;TASK_CANCELED;1245128;257132;51282;64010;1224866
172618;POLICY3_CLOUD;TASK_CANCELED;1245128;257132;51282;64010;1224866
173889;POLICY3_CLOUD;TASK_CANCELED;1245128;257132;51282;64010;1224866
174052;POLICY3_CLOUD;TASK_CANCELED;1245128;257132;51282;64010;1224866
175741;POLICY3_CLOUD;TASK_CANCELED;1245128;257132;51282;64010;1224866
176407;POLICY3_CLOUD;TASK_CANCELED;1245128;257132;51282;64010;1224866
178702;POLICY3_CLOUD;TASK_CANCELED;1245128;257132;51282;64010;1224866
179504;POLICY3_CLOUD;TASK_CANCELED;1245128;257132;51282;64010;1224866
181450;POLICY3_CLOUD;TASK_CANCELED;1245128;257132;51282;64010;1224866
183453;POLICY3_CLOUD;TASK_CANCELED;1245128;257132;51282;64010;1224866
184989;POLICY3_CLOUD;TASK_CANCELED;1245128;257132;51282;64010;1224866
185886;POLICY3_CLOUD;TASK_CANCELED;1245128;257132;51282;64010;1224866
187858;POLICY3_CLOUD;TASK_CANCELED;1245128;257132;51282;64010;1224866
189162;POLICY3_CLOUD;TASK_CANCELED;1245128;257132;51282;64010;1224866
191375;POLICY3_CLOUD;TASK_CANCELED;1245128;257132;51282;64010;1224866
195178;POLICY3_CLOUD;TASK_CANCELED;1245128;257132;51282;64010;1224866
198052;POLICY3_CLOUD;TASK_CANCELED;1245128;257132;51282;64010;1224866
200508;POLICY3_CLOUD;TASK_CANCELED;1245128;257132;51282;64010;1224866
202818;POLICY3_CLOUD;TASK_CANCELED;1245128;257132;51282;64010;1224866
204400;POLICY3_CLOUD;TASK_CANCELED;1245128;257132;51282;64010;1224866
208218;POLICY3_CLOUD;TASK_CANCELED;1245128;257132;51282;64010;1224866
210052;POLICY3_CLOUD;TASK_CANCELED;1245128;257132;51282;64010;1224866
210956;POLICY3_CLOUD;TASK_CONCLUDED;989285;257132;71428;64010;1024221
212301;POLICY3_CLOUD;TASK_CANCELED;1245128;257132;51282;64010;1224866
213319;POLICY3_CLOUD;TASK_CONCLUDED;989285;257132;71428;64010;1024221
213908;POLICY3_CLOUD;TASK_CANCELED;1245128;257132;51282;64010;1224866
217566;POLICY3_CLOUD;TASK_CONCLUDED;989285;257132;71428;64010;1024221
218048;POLICY3_CLOUD;TASK_CANCELED;1245128;257132;51282;64010;1224866
219354;POLICY3_CLOUD;TASK_CONCLUDED;989285;257132;71428;64010;1024221
219692;POLICY3_CLOUD;TASK_CANCELED;1245128;257132;51282;64010;1224866
220188;POLICY3_CLOUD;TASK_CANCELED;1245128;257132;51282;64010;1224866
220754;POLICY3_CLOUD;TASK_CONCLUDED;989285;257132;71428;64010;1024221
223861;POLICY3_CLOUD;TASK_CONCLUDED;989285;257132;71428;64010;1024221
224545;POLICY3_CLOUD;TASK_CANCELED;1245128;257132;51282;64010;1224866
225185;POLICY3_CLOUD;TASK_CANCELED;1245128;257132;51282;64010;1224866
225945;POLICY3_CLOUD;TASK_CANCELED;1245128;257132;51282;64010;1224866
227741;POLICY3_CLOUD;TASK_CANCELED;1245128;257132;51282;64010;1224866
228205;POLICY3_CLOUD;TASK_CONCLUDED;989285;257132;71428;64010;1024221
228797;POLICY3_CLOUD;TASK_CONCLUDED;989285;257132;71428;64010;1024221
229395;POLICY3_CLOUD;TASK_CANCELED;1245128;257132;51282;64010;1224866
230509;POLICY3_CLOUD;TASK_CANCELED;1245128;257132;51282;64010;1224866
231843;POLICY3_CLOUD;TASK_CONCLUDED;989285;257132;71428;64010;1024221
232735;POLICY3_CLOUD;TASK_CANCELED;1245128;257132;51282;64010;1224866
232989;POLICY3_CLOUD;TASK_CANCELED;1245128;257132;51282;64010;1224866
233169;POLICY3_CLOUD;TASK_CONCLUDED;989285;257132;71428;64010;1024221
237536;POLICY3_CLOUD;TASK_CANCELED;1245128;257132;51282;64010;1224866
238132;POLICY3_CLOUD;TASK_CONCLUDED;989285;257132;71428;64010;1024221
239269;POLICY3_CLOUD;TASK_CONCLUDED;989285;257132;71428;64010;1024221
239684;POLICY3_CLOUD;TASK_CANCELED;1245128;257132;51282;64010;1224866
239839;POLICY3_CLOUD;TASK_CANCELED;1245128;257132;51282;64010;1224866
239877;POLICY3_CLOUD;TASK_CONCLUDED;989285;257132;71428;64010;1024221
241548;POLICY3_CLOUD;TASK_CANCELED;1245128;257132;51282;64010;1224866
242280;POLICY3_CLOUD;TASK_CANCELED;1245128;257132;51282;64010;1224866
244192;POLICY3_CLOUD;TASK_CONCLUDED;989285;257132;71428;64010;1024221
245102;POLICY3_CLOUD;TASK_CONCLUDED;989285;257132;71428;64010;1024221
245734;POLICY3_CLOUD;TASK_CONCLUDED;989285;257132;71428;64010;1024221
245753;POLICY3_CLOUD;TASK_CANCELED;1245128;257132;51282;64010;1224866
246709;POLICY3_CLOUD;TASK_CONCLUDED;989285;257132;71428;64010;1024221
248653;POLICY3_CLOUD;TASK_CONCLUDED;989285;257132;71428;64010;1024221
249865;POLICY3_CLOUD;TASK_CONCLUDED;989285;257132;71428;64010;1024221
250735;POLICY3_CLOUD;TASK_CONCLUDED;989285;257132;71428;64010;1024221
251399;POLICY3_CLOUD;TASK_CANCELED;1245128;257132;51282;64010;1224866
251630;POLICY3_CLOUD;TASK_CANCELED;1245128;257132;51282;64010;1224866
252991;POLICY3_CLOUD;TASK_CONCLUDED;989285;257132;71428;64010;1024221
253969;POLICY3_CLOUD;TASK_CANCELED;1245128;257132;51282;64010;1224866
254374;POLICY3_CLOUD;TASK_CANCELED;1245128;257132;51282;64010;1224866
254827;POLICY3_CLOUD;TASK_CANCELED;1245128;257132;51282;64010;1224866
255029;POLICY3_CLOUD;TASK_CONCLUDED;989285;257132;71428;64010;1024221
256568;POLICY3_CLOUD;TASK_CANCELED;1245128;257132;51282;64010;1224866
257932;POLICY3_CLOUD;TASK_CONCLUDED;989285;257132;71428;64010;1024221
259980;POLICY3_CLOUD;TASK_CONCLUDED;989285;257132;71428;64010;1024221
260098;POLICY3_CLOUD;TASK_CONCLUDED;989285;257132;71428;64010;1024221
261469;POLICY3_CLOUD;TASK_CANCELED;1245128;257132;51282;64010;1224866
261741;POLICY3_CLOUD;TASK_CONCLUDED;989285;257132;71428;64010;1024221
262809;POLICY3_CLOUD;TASK_CANCELED;1245128;257132;51282;64010;1224866
263986;POLICY3_CLOUD;TASK_CONCLUDED;989285;257132;71428;64010;1024221
266414;POLICY3_CLOUD;TASK_CONCLUDED;989285;257132;71428;64010;1024221
270831;POLICY3_CLOUD;TASK_CANCELED;1245128;257132;51282;64010;1224866
271215;POLICY3_CLOUD;TASK_CANCELED;1245128;257132;51282;64010;1224866
271567;POLICY3_CLOUD;TASK_CONCLUDED;989285;257132;71428;64010;1024221
272618;POLICY3_CLOUD;TASK_CANCELED;1245128;257132;51282;64010;1224866
272625;POLICY3_CLOUD;TASK_CONCLUDED;989285;257132;71428;64010;1024221
273889;POLICY3_CLOUD;TASK_CANCELED;1245128;257132;51282;64010;1224866
274052;POLICY3_CLOUD;TASK_CANCELED;1245128;257132;51282;64010;1224866
274509;POLICY3_CLOUD;TASK_CONCLUDED;989285;257132;71428;64010;1024221
274968;POLICY3_CLOUD;TASK_CONCLUDED;989285;257132;71428;64010;1024221
275741;POLICY3_CLOUD;TASK_CANCELED;1245128;257132;51282;64010;1224866
275863;POLICY3_CLOUD;TASK_CONCLUDED;989285;257132;71428;64010;1024221
276407;POLICY3_CLOUD;TASK_CANCELED;1245128;257132;51282;64010;1224866
277289;POLICY3_CLOUD;TASK_CONCLUDED;989285;257132;71428;64010;1024221
278702;POLICY3_CLOUD;TASK_CANCELED;1245128;257132;51282;64010;1224866
279504;POLICY3_CLOUD;TASK_CANCELED;1245128;257132;51282;64010;1224866
281450;POLICY3_CLOUD;TASK_CANCELED;1245128;257132;51282;64010;1224866
282757;POLICY3_CLOUD;TASK_CONCLUDED;989285;257132;71428;64010;1024221
283453;POLICY3_CLOUD;TASK_CANCELED;1245128;257132;51282;64010;1224866
284989;POLICY3_CLOUD;TASK_CANCELED;1245128;257132;51282;64010;1224866
285594;POLICY3_CLOUD;TASK_CONCLUDED;989285;257132;71428;64010;1024221
285886;POLICY3_CLOUD;TASK_CANCELED;1245128;257132;51282;64010;1224866
287858;POLICY3_CLOUD;TASK_CANCELED;1245128;257132;51282;64010;1224866
289162;POLICY3_CLOUD;TASK_CANCELED;1245128;257132;51282;64010;1224866
291335;POLICY3_CLOUD;TASK_CONCLUDED;989285;257132;71428;64010;1024221
291375;POLICY3_CLOUD;TASK_CANCELED;1245128;257132;51282;64010;1224866
292711;POLICY3_CLOUD;TASK_CONCLUDED;989285;257132;71428;64010;1024221
293138;POLICY3_CLOUD;TASK_CONCLUDED;989285;257132;71428;64010;1024221
294064;POLICY3_CLOUD;TASK_CONCLUDED;989285;257132;71428;64010;1024221
294882;POLICY3_CLOUD;TASK_CONCLUDED;989285;257132;71428;64010;1024221
295178;POLICY3_CLOUD;TASK_CANCELED;1245128;257132;51282;64010;1224866
295994;POLICY3_CLOUD;TASK_CONCLUDED;989285;257132;71428;64010;1024221
297079;POLICY3_CLOUD;TASK_CONCLUDED;989285;257132;71428;64010;1024221
298052;POLICY3_CLOUD;TASK_CANCELED;1245128;257132;51282;64010;1224866
299238;POLICY3_CLOUD;TASK_CONCLUDED;989285;257132;71428;64010;1024221
300508;POLICY3_CLOUD;TASK_CANCELED;1245128;257132;51282;64010;1224866
301381;POLICY2_MEC;TASK_CONCLUDED;245025;140313;266666;32021;368008
301393;POLICY3_CLOUD;TASK_CONCLUDED;989285;257132;71428;64010;1024221
302463;POLICY3_CLOUD;TASK_CONCLUDED;989285;257132;71428;64010;1024221
302518;POLICY2_MEC;TASK_CONCLUDED;245025;140313;266666;32021;368008
302818;POLICY3_CLOUD;TASK_CANCELED;1245128;257132;51282;64010;1224866
303126;POLICY2_MEC;TASK_CONCLUDED;245025;140313;266666;32021;368008
304116;POLICY3_CLOUD;TASK_CONCLUDED;989285;257132;71428;64010;1024221
304400;POLICY3_CLOUD;TASK_CANCELED;1245128;257132;51282;64010;1224866
305749;POLICY3_CLOUD;TASK_CONCLUDED;989285;257132;71428;64010;1024221
306260;POLICY3_CLOUD;TASK_CONCLUDED;989285;257132;71428;64010;1024221
307441;POLICY2_MEC;TASK_CONCLUDED;245025;140313;266666;32021;368008
308218;POLICY3_CLOUD;TASK_CANCELED;1245128;257132;51282;64010;1224866
308351;POLICY2_MEC;TASK_CONCLUDED;245025;140313;266666;32021;368008
308983;POLICY2_MEC;TASK_CONCLUDED;245025;140313;266666;32021;368008
309223;POLICY3_CLOUD;TASK_CONCLUDED;989285;257132;71428;64010;1024221
309958;POLICY2_MEC;TASK_CONCLUDED;245025;140313;266666;32021;368008
310052;POLICY3_CLOUD;TASK_CANCELED;1245128;257132;51282;64010;1224866
310956;POLICY3_CLOUD;TASK_CONCLUDED;989285;257132;71428;64010;1024221
311902;POLICY2_MEC;TASK_CONCLUDED;245025;140313;266666;32021;368008
312301;POLICY3_CLOUD;TASK_CANCELED;1245128;257132;51282;64010;1224866
313114;POLICY2_MEC;TASK_CONCLUDED;245025;140313;266666;32021;368008
313319;POLICY3_CLOUD;TASK_CONCLUDED;989285;257132;71428;64010;1024221
313908;POLICY3_CLOUD;TASK_CANCELED;1245128;257132;51282;64010;1224866
313984;POLICY2_MEC;TASK_CONCLUDED;245025;140313;266666;32021;368008
316240;POLICY2_MEC;TASK_CONCLUDED;245025;140313;266666;32021;368008
317566;POLICY3_CLOUD;TASK_CONCLUDED;989285;257132;71428;64010;1024221
318048;POLICY3_CLOUD;TASK_CANCELED;1245128;257132;51282;64010;1224866
318278;POLICY2_MEC;TASK_CONCLUDED;245025;140313;266666;32021;368008
319354;POLICY3_CLOUD;TASK_CONCLUDED;989285;257132;71428;64010;1024221
319692;POLICY3_CLOUD;TASK_CANCELED;1245128;257132;51282;64010;1224866
320188;POLICY3_CLOUD;TASK_CANCELED;1245128;257132;51282;64010;1224866
320754;POLICY3_CLOUD;TASK_CONCLUDED;989285;257132;71428;64010;1024221
321181;POLICY2_MEC;TASK_CONCLUDED;245025;140313;266666;32021;368008
323229;POLICY2_MEC;TASK_CONCLUDED;245025;140313;266666;32021;368008
323347;POLICY2_MEC;TASK_CONCLUDED;245025;140313;266666;32021;368008
323861;POLICY3_CLOUD;TASK_CONCLUDED;989285;257132;71428;64010;1024221
324545;POLICY3_CLOUD;TASK_CANCELED;1245128;257132;51282;64010;1224866
324990;POLICY2_MEC;TASK_CONCLUDED;245025;140313;266666;32021;368008
325185;POLICY3_CLOUD;TASK_CANCELED;1245128;257132;51282;64010;1224866
325945;POLICY3_CLOUD;TASK_CANCELED;1245128;257132;51282;64010;1224866
327235;POLICY2_MEC;TASK_CONCLUDED;245025;140313;266666;32021;368008
327741;POLICY3_CLOUD;TASK_CANCELED;1245128;257132;51282;64010;1224866
328205;POLICY3_CLOUD;TASK_CONCLUDED;989285;257132;71428;64010;1024221
328797;POLICY3_CLOUD;TASK_CONCLUDED;989285;257132;71428;64010;1024221
329395;POLICY3_CLOUD;TASK_CANCELED;1245128;257132;51282;64010;1224866
329663;POLICY2_MEC;TASK_CONCLUDED;245025;140313;266666;32021;368008
330509;POLICY3_CLOUD;TASK_CANCELED;1245128;257132;51282;64010;1224866
331843;POLICY3_CLOUD;TASK_CONCLUDED;989285;257132;71428;64010;1024221
332735;POLICY3_CLOUD;TASK_CANCELED;1245128;257132;51282;64010;1224866
332989;POLICY3_CLOUD;TASK_CANCELED;1245128;257132;51282;64010;1224866
333169;POLICY3_CLOUD;TASK_CONCLUDED;989285;257132;71428;64010;1024221
334816;POLICY2_MEC;TASK_CONCLUDED;245025;140313;266666;32021;368008
335874;POLICY2_MEC;TASK_CONCLUDED;245025;140313;266666;32021;368008
337536;POLICY3_CLOUD;TASK_CANCELED;1245128;257132;51282;64010;1224866
337758;POLICY2_MEC;TASK_CONCLUDED;245025;140313;266666;32021;368008
338132;POLICY3_CLOUD;TASK_CONCLUDED;989285;257132;71428;64010;1024221
338217;POLICY2_MEC;TASK_CONCLUDED;245025;140313;266666;32021;368008
339112;POLICY2_MEC;TASK_CONCLUDED;245025;140313;266666;32021;368008
339269;POLICY3_CLOUD;TASK_CONCLUDED;989285;257132;71428;64010;1024221
339684;POLICY3_CLOUD;TASK_CANCELED;1245128;257132;51282;64010;1224866
339839;POLICY3_CLOUD;TASK_CANCELED;1245128;257132;51282;64010;1224866
339877;POLICY3_CLOUD;TASK_CONCLUDED;989285;257132;71428;64010;1024221
340538;POLICY2_MEC;TASK_CONCLUDED;245025;140313;266666;32021;368008
341548;POLICY3_CLOUD;TASK_CANCELED;1245128;257132;51282;64010;1224866
342280;POLICY3_CLOUD;TASK_CANCELED;1245128;257132;51282;64010;1224866
344192;POLICY3_CLOUD;TASK_CONCLUDED;989285;257132;71428;64010;1024221
345102;POLICY3_CLOUD;TASK_CONCLUDED;989285;257132;71428;64010;1024221
345734;POLICY3_CLOUD;TASK_CONCLUDED;989285;257132;71428;64010;1024221
345753;POLICY3_CLOUD;TASK_CANCELED;1245128;257132;51282;64010;1224866
346006;POLICY2_MEC;TASK_CONCLUDED;245025;140313;266666;32021;368008
346709;POLICY3_CLOUD;TASK_CONCLUDED;989285;257132;71428;64010;1024221
348653;POLICY3_CLOUD;TASK_CONCLUDED;989285;257132;71428;64010;1024221
348843;POLICY2_MEC;TASK_CONCLUDED;245025;140313;266666;32021;368008
349865;POLICY3_CLOUD;TASK_CONCLUDED;989285;257132;71428;64010;1024221
350735;POLICY3_CLOUD;TASK_CONCLUDED;989285;257132;71428;64010;1024221
351399;POLICY3_CLOUD;TASK_CANCELED;1245128;257132;51282;64010;1224866
351630;POLICY3_CLOUD;TASK_CANCELED;1245128;257132;51282;64010;1224866
352991;POLICY3_CLOUD;TASK_CONCLUDED;989285;257132;71428;64010;1024221
353969;POLICY3_CLOUD;TASK_CANCELED;1245128;257132;51282;64010;1224866
354374;POLICY3_CLOUD;TASK_CANCELED;1245128;257132;51282;64010;1224866
354584;POLICY2_MEC;TASK_CONCLUDED;245025;140313;266666;32021;368008
354827;POLICY3_CLOUD;TASK_CANCELED;1245128;257132;51282;64010;1224866
355029;POLICY3_CLOUD;TASK_CONCLUDED;989285;257132;71428;64010;1024221
355960;POLICY2_MEC;TASK_CONCLUDED;245025;140313;266666;32021;368008
356387;POLICY2_MEC;TASK_CONCLUDED;245025;140313;266666;32021;368008
356568;POLICY3_CLOUD;TASK_CANCELED;1245128;257132;51282;64010;1224866
357313;POLICY2_MEC;TASK_CONCLUDED;245025;140313;266666;32021;368008
357932;POLICY3_CLOUD;TASK_CONCLUDED;989285;257132;71428;64010;1024221
358131;POLICY2_MEC;TASK_CONCLUDED;245025;140313;266666;32021;368008
359243;POLICY2_MEC;TASK_CONCLUDED;245025;140313;266666;32021;368008
359980;POLICY3_CLOUD;TASK_CONCLUDED;989285;257132;71428;64010;1024221
360098;POLICY3_CLOUD;TASK_CONCLUDED;989285;257132;71428;64010;1024221
360328;POLICY2_MEC;TASK_CONCLUDED;245025;140313;266666;32021;368008
361469;POLICY3_CLOUD;TASK_CANCELED;1245128;257132;51282;64010;1224866
361741;POLICY3_CLOUD;TASK_CONCLUDED;989285;257132;71428;64010;1024221
362487;POLICY2_MEC;TASK_CONCLUDED;245025;140313;266666;32021;368008
362809;POLICY3_CLOUD;TASK_CANCELED;1245128;257132;51282;64010;1224866
363986;POLICY3_CLOUD;TASK_CONCLUDED;989285;257132;71428;64010;1024221
364642;POLICY2_MEC;TASK_CONCLUDED;245025;140313;266666;32021;368008
365712;POLICY2_MEC;TASK_CONCLUDED;245025;140313;266666;32021;368008
366414;POLICY3_CLOUD;TASK_CONCLUDED;989285;257132;71428;64010;1024221
367365;POLICY2_MEC;TASK_CONCLUDED;245025;140313;266666;32021;368008
368998;POLICY2_MEC;TASK_CONCLUDED;245025;140313;266666;32021;368008
369509;POLICY2_MEC;TASK_CONCLUDED;245025;140313;266666;32021;368008
370831;POLICY3_CLOUD;TASK_CANCELED;1245128;257132;51282;64010;1224866
371215;POLICY3_CLOUD;TASK_CANCELED;1245128;257132;51282;64010;1224866
371567;POLICY3_CLOUD;TASK_CONCLUDED;989285;257132;71428;64010;1024221
372472;POLICY2_MEC;TASK_CONCLUDED;245025;140313;266666;32021;368008
372618;POLICY3_CLOUD;TASK_CANCELED;1245128;257132;51282;64010;1224866
372625;POLICY3_CLOUD;TASK_CONCLUDED;989285;257132;71428;64010;1024221
373889;POLICY3_CLOUD;TASK_CANCELED;1245128;257132;51282;64010;1224866
374052;POLICY3_CLOUD;TASK_CANCELED;1245128;257132;51282;64010;1224866
374509;POLICY3_CLOUD;TASK_CONCLUDED;989285;257132;71428;64010;1024221
374968;POLICY3_CLOUD;TASK_CONCLUDED;989285;257132;71428;64010;1024221
375741;POLICY3_CLOUD;TASK_CANCELED;1245128;257132;51282;64010;1224866
375863;POLICY3_CLOUD;TASK_CONCLUDED;989285;257132;71428;64010;1024221
376407;POLICY3_CLOUD;TASK_CANCELED;1245128;257132;51282;64010;1224866
377289;POLICY3_CLOUD;TASK_CONCLUDED;989285;257132;71428;64010;1024221
378702;POLICY3_CLOUD;TASK_CANCELED;1245128;257132;51282;64010;1224866
379504;POLICY3_CLOUD;TASK_CANCELED;1245128;257132;51282;64010;1224866
381450;POLICY3_CLOUD;TASK_CANCELED;1245128;257132;51282;64010;1224866
382757;POLICY3_CLOUD;TASK_CONCLUDED;989285;257132;71428;64010;1024221
383453;POLICY3_CLOUD;TASK_CANCELED;1245128;257132;51282;64010;1224866
384989;POLICY3_CLOUD;TASK_CANCELED;1245128;257132;51282;64010;1224866
385594;POLICY3_CLOUD;TASK_CONCLUDED;989285;257132;71428;64010;1024221
385886;POLICY3_CLOUD;TASK_CANCELED;1245128;257132;51282;64010;1224866
387858;POLICY3_CLOUD;TASK_CANCELED;1245128;257132;51282;64010;1224866
389162;POLICY3_CLOUD;TASK_CANCELED;1245128;257132;51282;64010;1224866
391335;POLICY3_CLOUD;TASK_CONCLUDED;989285;257132;71428;64010;1024221
391375;POLICY3_CLOUD;TASK_CANCELED;1245128;257132;51282;64010;1224866
392711;POLICY3_CLOUD;TASK_CONCLUDED;989285;257132;71428;64010;1024221
393138;POLICY3_CLOUD;TASK_CONCLUDED;989285;257132;71428;64010;1024221
394064;POLICY3_CLOUD;TASK_CONCLUDED;989285;257132;71428;64010;1024221
394882;POLICY3_CLOUD;TASK_CONCLUDED;989285;257132;71428;64010;1024221
395178;POLICY3_CLOUD;TASK_CANCELED;1245128;257132;51282;64010;1224866
395994;POLICY3_CLOUD;TASK_CONCLUDED;989285;257132;71428;64010;1024221
397079;POLICY3_CLOUD;TASK_CONCLUDED;989285;257132;71428;64010;1024221
398052;POLICY3_CLOUD;TASK_CANCELED;1245128;257132;51282;64010;1224866
399238;POLICY3_CLOUD;TASK_CONCLUDED;989285;257132;71428;64010;1024221
400508;POLICY3_CLOUD;TASK_CANCELED;1245128;257132;51282;64010;1224866
401393;POLICY3_CLOUD;TASK_CONCLUDED;989285;257132;71428;64010;1024221
402463;POLICY3_CLOUD;TASK_CONCLUDED;989285;257132;71428;64010;1024221
402818;POLICY3_CLOUD;TASK_CANCELED;1245128;257132;51282;64010;1224866
404116;POLICY3_CLOUD;TASK_CONCLUDED;989285;257132;71428;64010;1024221
404400;POLICY3_CLOUD;TASK_CANCELED;1245128;257132;51282;64010;1224866
405749;POLICY3_CLOUD;TASK_CONCLUDED;989285;257132;71428;64010;1024221
406260;POLICY3_CLOUD;TASK_CONCLUDED;989285;257132;71428;64010;1024221
408218;POLICY3_CLOUD;TASK_CANCELED;1245128;257132;51282;64010;1224866
409223;POLICY3_CLOUD;TASK_CONCLUDED;989285;257132;71428;64010;1024221
410052;POLICY3_CLOUD;TASK_CANCELED;1245128;257132;51282;64010;1224866
410956;POLICY3_CLOUD;TASK_CONCLUDED;989285;257132;71428;64010;1024221
412301;POLICY3_CLOUD;TASK_CANCELED;1245128;257132;51282;64010;1224866
413319;POLICY3_CLOUD;TASK_CONCLUDED;989285;257132;71428;64010;1024221
413908;POLICY3_CLOUD;TASK_CANCELED;1245128;257132;51282;64010;1224866
417566;POLICY3_CLOUD;TASK_CONCLUDED;989285;257132;71428;64010;1024221
418048;POLICY3_CLOUD;TASK_CANCELED;1245128;257132;51282;64010;1224866
419354;POLICY3_CLOUD;TASK_CONCLUDED;989285;257132;71428;64010;1024221
419692;POLICY3_CLOUD;TASK_CANCELED;1245128;257132;51282;64010;1224866
420188;POLICY3_CLOUD;TASK_CANCELED;1245128;257132;51282;64010;1224866
420754;POLICY3_CLOUD;TASK_CONCLUDED;989285;257132;71428;64010;1024221
423861;POLICY3_CLOUD;TASK_CONCLUDED;989285;257132;71428;64010;1024221
424545;POLICY3_CLOUD;TASK_CANCELED;1245128;257132;51282;64010;1224866
425185;POLICY3_CLOUD;TASK_CANCELED;1245128;257132;51282;64010;1224866
425945;POLICY3_CLOUD;TASK_CANCELED;1245128;257132;51282;64010;1224866
427741;POLICY3_CLOUD;TASK_CANCELED;1245128;257132;51282;64010;1224866
428205;POLICY3_CLOUD;TASK_CONCLUDED;989285;257132;71428;64010;1024221
428797;POLICY3_CLOUD;TASK_CONCLUDED;989285;257132;71428;64010;1024221
429395;POLICY3_CLOUD;TASK_CANCELED;1245128;257132;51282;64010;1224866
430509;POLICY3_CLOUD;TASK_CANCELED;1245128;257132;51282;64010;1224866
431843;POLICY3_CLOUD;TASK_CONCLUDED;989285;257132;71428;64010;1024221
432735;POLICY3_CLOUD;TASK_CANCELED;1245128;257132;51282;64010;1224866
432989;POLICY3_CLOUD;TASK_CANCELED;1245128;257132;51282;64010;1224866
433169;POLICY3_CLOUD;TASK_CONCLUDED;989285;257132;71428;64010;1024221
437536;POLICY3_CLOUD;TASK_CANCELED;1245128;257132;51282;64010;1224866
439684;POLICY3_CLOUD;TASK_CANCELED;1245128;257132;51282;64010;1224866
439839;POLICY3_CLOUD;TASK_CANCELED;1245128;257132;51282;64010;1224866
441548;POLICY3_CLOUD;TASK_CANCELED;1245128;257132;51282;64010;1224866
442280;POLICY3_CLOUD;TASK_CANCELED;1245128;257132;51282;64010;1224866
445753;POLICY3_CLOUD;TASK_CANCELED;1245128;257132;51282;64010;1224866
451399;POLICY3_CLOUD;TASK_CANCELED;1245128;257132;51282;64010;1224866
451630;POLICY3_CLOUD;TASK_CANCELED;1245128;257132;51282;64010;1224866
453969;POLICY3_CLOUD;TASK_CANCELED;1245128;257132;51282;64010;1224866
454374;POLICY3_CLOUD;TASK_CANCELED;1245128;257132;51282;64010;1224866
454827;POLICY3_CLOUD;TASK_CANCELED;1245128;257132;51282;64010;1224866
456568;POLICY3_CLOUD;TASK_CANCELED;1245128;257132;51282;64010;1224866
461469;POLICY3_CLOUD;TASK_CANCELED;1245128;257132;51282;64010;1224866
462809;POLICY3_CLOUD;TASK_CANCELED;1245128;257132;51282;64010;1224866
470831;POLICY3_CLOUD;TASK_CANCELED;1245128;257132;51282;64010;1224866
471215;POLICY3_CLOUD;TASK_CANCELED;1245128;257132;51282;64010;1224866
472618;POLICY3_CLOUD;TASK_CANCELED;1245128;257132;51282;64010;1224866
473889;POLICY3_CLOUD;TASK_CANCELED;1245128;257132;51282;64010;1224866
474052;POLICY3_CLOUD;TASK_CANCELED;1245128;257132;51282;64010;1224866
475741;POLICY3_CLOUD;TASK_CANCELED;1245128;257132;51282;64010;1224866
476407;POLICY3_CLOUD;TASK_CANCELED;1245128;257132;51282;64010;1224866
478702;POLICY3_CLOUD;TASK_CANCELED;1245128;257132;51282;64010;1224866
479504;POLICY3_CLOUD;TASK_CANCELED;1245128;257132;51282;64010;1224866
481450;POLICY3_CLOUD;TASK_CANCELED;1245128;257132;51282;64010;1224866
483453;POLICY3_CLOUD;TASK_CANCELED;1245128;257132;51282;64010;1224866
484989;POLICY3_CLOUD;TASK_CANCELED;1245128;257132;51282;64010;1224866
485886;POLICY3_CLOUD;TASK_CANCELED;1245128;257132;51282;64010;1224866
487858;POLICY3_CLOUD;TASK_CANCELED;1245128;257132;51282;64010;1224866
489162;POLICY3_CLOUD;TASK_CANCELED;1245128;257132;51282;64010;1224866
491375;POLICY3_CLOUD;TASK_CANCELED;1245128;257132;51282;64010;1224866
495178;POLICY3_CLOUD;TASK_CANCELED;1245128;257132;51282;64010;1224866
498052;POLICY3_CLOUD;TASK_CANCELED;1245128;257132;51282;64010;1224866
500508;POLICY3_CLOUD;TASK_CANCELED;1245128;257132;51282;64010;1224866
502818;POLICY3_CLOUD;TASK_CANCELED;1245128;257132;51282;64010;1224866
504400;POLICY3_CLOUD;TASK_CANCELED;1245128;257132;51282;64010;1224866
508218;POLICY3_CLOUD;TASK_CANCELED;1245128;257132;51282;64010;1224866
510052;POLICY3_CLOUD;TASK_CANCELED;1245128;257132;51282;64010;1224866
510956;POLICY3_CLOUD;TASK_CONCLUDED;989285;257132;71428;64010;1024221
512301;POLICY3_CLOUD;TASK_CANCELED;1245128;257132;51282;64010;1224866
513319;POLICY3_CLOUD;TASK_CONCLUDED;989285;257132;71428;64010;1024221
513908;POLICY3_CLOUD;TASK_CANCELED;1245128;257132;51282;64010;1224866
517566;POLICY3_CLOUD;TASK_CONCLUDED;989285;257132;71428;64010;1024221
518048;POLICY3_CLOUD;TASK_CANCELED;1245128;257132;51282;64010;1224866
519354;POLICY3_CLOUD;TASK_CONCLUDED;989285;257132;71428;64010;1024221
519692;POLICY3_CLOUD;TASK_CANCELED;1245128;257132;51282;64010;1224866
520188;POLICY3_CLOUD;TASK_CANCELED;1245128;257132;51282;64010;1224866
520754;POLICY3_CLOUD;TASK_CONCLUDED;989285;257132;71428;64010;1024221
523861;POLICY3_CLOUD;TASK_CONCLUDED;989285;257132;71428;64010;1024221
524545;POLICY3_CLOUD;TASK_CANCELED;1245128;257132;51282;64010;1224866
525185;POLICY3_CLOUD;TASK_CANCELED;1245128;257132;51282;64010;1224866
525945;POLICY3_CLOUD;TASK_CANCELED;1245128;257132;51282;64010;1224866
527741;POLICY3_CLOUD;TASK_CANCELED;1245128;257132;51282;64010;1224866
528205;POLICY3_CLOUD;TASK_CONCLUDED;989285;257132;71428;64010;1024221
528797;POLICY3_CLOUD;TASK_CONCLUDED;989285;257132;71428;64010;1024221
529395;POLICY3_CLOUD;TASK_CANCELED;1245128;257132;51282;64010;1224866
530509;POLICY3_CLOUD;TASK_CANCELED;1245128;257132;51282;64010;1224866
531843;POLICY3_CLOUD;TASK_CONCLUDED;989285;257132;71428;64010;1024221
532735;POLICY3_CLOUD;TASK_CANCELED;1245128;257132;51282;64010;1224866
532989;POLICY3_CLOUD;TASK_CANCELED;1245128;257132;51282;64010;1224866
533169;POLICY3_CLOUD;TASK_CONCLUDED;989285;257132;71428;64010;1024221
537536;POLICY3_CLOUD;TASK_CANCELED;1245128;257132;51282;64010;1224866
538132;POLICY3_CLOUD;TASK_CONCLUDED;989285;257132;71428;64010;1024221
539269;POLICY3_CLOUD;TASK_CONCLUDED;989285;257132;71428;64010;1024221
539684;POLICY3_CLOUD;TASK_CANCELED;1245128;257132;51282;64010;1224866
539839;POLICY3_CLOUD;TASK_CANCELED;1245128;257132;51282;64010;1224866
539877;POLICY3_CLOUD;TASK_CONCLUDED;989285;257132;71428;64010;1024221
541548;POLICY3_CLOUD;TASK_CANCELED;1245128;257132;51282;64010;1224866
542280;POLICY3_CLOUD;TASK_CANCELED;1245128;257132;51282;64010;1224866
544192;POLICY3_CLOUD;TASK_CONCLUDED;989285;257132;71428;64010;1024221
545102;POLICY3_CLOUD;TASK_CONCLUDED;989285;257132;71428;64010;1024221
545734;POLICY3_CLOUD;TASK_CONCLUDED;989285;257132;71428;64010;1024221
545753;POLICY3_CLOUD;TASK_CANCELED;1245128;257132;51282;64010;1224866
546709;POLICY3_CLOUD;TASK_CONCLUDED;989285;257132;71428;64010;1024221
548653;POLICY3_CLOUD;TASK_CONCLUDED;989285;257132;71428;64010;1024221
549865;POLICY3_CLOUD;TASK_CONCLUDED;989285;257132;71428;64010;1024221
550735;POLICY3_CLOUD;TASK_CONCLUDED;989285;257132;71428;64010;1024221
551399;POLICY3_CLOUD;TASK_CANCELED;1245128;257132;51282;64010;1224866
551630;POLICY3_CLOUD;TASK_CANCELED;1245128;257132;51282;64010;1224866
552991;POLICY3_CLOUD;TASK_CONCLUDED;989285;257132;71428;64010;1024221
553969;POLICY3_CLOUD;TASK_CANCELED;1245128;257132;51282;64010;1224866
554374;POLICY3_CLOUD;TASK_CANCELED;1245128;257132;51282;64010;1224866
554827;POLICY3_CLOUD;TASK_CANCELED;1245128;257132;51282;64010;1224866
555029;POLICY3_CLOUD;TASK_CONCLUDED;989285;257132;71428;64010;1024221
556568;POLICY3_CLOUD;TASK_CANCELED;1245128;257132;51282;64010;1224866
557932;POLICY3_CLOUD;TASK_CONCLUDED;989285;257132;71428;64010;1024221
559980;POLICY3_CLOUD;TASK_CONCLUDED;989285;257132;71428;64010;1024221
560098;POLICY3_CLOUD;TASK_CONCLUDED;989285;257132;71428;64010;1024221
561469;POLICY3_CLOUD;TASK_CANCELED;1245128;257132;51282;64010;1224866
561741;POLICY3_CLOUD;TASK_CONCLUDED;989285;257132;71428;64010;1024221
562809;POLICY3_CLOUD;TASK_CANCELED;1245128;257132;51282;64010;1224866
563986;POLICY3_CLOUD;TASK_CONCLUDED;989285;257132;71428;64010;1024221
566414;POLICY3_CLOUD;TASK_CONCLUDED;989285;257132;71428;64010;1024221
570831;POLICY3_CLOUD;TASK_CANCELED;1245128;257132;51282;64010;1224866
571215;POLICY3_CLOUD;TASK_CANCELED;1245128;257132;51282;64010;1224866
571567;POLICY3_CLOUD;TASK_CONCLUDED;989285;257132;71428;64010;1024221
572618;POLICY3_CLOUD;TASK_CANCELED;1245128;257132;51282;64010;1224866
572625;POLICY3_CLOUD;TASK_CONCLUDED;989285;257132;71428;64010;1024221
573889;POLICY3_CLOUD;TASK_CANCELED;1245128;257132;51282;64010;1224866
574052;POLICY3_CLOUD;TASK_CANCELED;1245128;257132;51282;64010;1224866
574509;POLICY3_CLOUD;TASK_CONCLUDED;989285;257132;71428;64010;1024221
574968;POLICY3_CLOUD;TASK_CONCLUDED;989285;257132;71428;64010;1024221
575741;POLICY3_CLOUD;TASK_CANCELED;1245128;257132;51282;64010;1224866
575863;POLICY3_CLOUD;TASK_CONCLUDED;989285;257132;71428;64010;1024221
576407;POLICY3_CLOUD;TASK_CANCELED;1245128;257132;51282;64010;1224866
577289;POLICY3_CLOUD;TASK_CONCLUDED;989285;257132;71428;64010;1024221
578702;POLICY3_CLOUD;TASK_CANCELED;1245128;257132;51282;64010;1224866
579504;POLICY3_CLOUD;TASK_CANCELED;1245128;257132;51282;64010;1224866
581450;POLICY3_CLOUD;TASK_CANCELED;1245128;257132;51282;64010;1224866
582757;POLICY3_CLOUD;TASK_CONCLUDED;989285;257132;71428;64010;1024221
583453;POLICY3_CLOUD;TASK_CANCELED;1245128;257132;51282;64010;1224866
584989;POLICY3_CLOUD;TASK_CANCELED;1245128;257132;51282;64010;1224866
585594;POLICY3_CLOUD;TASK_CONCLUDED;989285;257132;71428;64010;1024221
585886;POLICY3_CLOUD;TASK_CANCELED;1245128;257132;51282;64010;1224866
587858;POLICY3_CLOUD;TASK_CANCELED;1245128;257132;51282;64010;1224866
589162;POLICY3_CLOUD;TASK_CANCELED;1245128;257132;51282;64010;1224866
591335;POLICY3_CLOUD;TASK_CONCLUDED;989285;257132;71428;64010;1024221
591375;POLICY3_CLOUD;TASK_CANCELED;1245128;257132;51282;64010;1224866
592711;POLICY3_CLOUD;TASK_CONCLUDED;989285;257132;71428;64010;1024221
593138;POLICY3_CLOUD;TASK_CONCLUDED;989285;257132;71428;64010;1024221
594064;POLICY3_CLOUD;TASK_CONCLUDED;989285;257132;71428;64010;1024221
594882;POLICY3_CLOUD;TASK_CONCLUDED;989285;257132;71428;64010;1024221
595178;POLICY3_CLOUD;TASK_CANCELED;1245128;257132;51282;64010;1224866
595994;POLICY3_CLOUD;TASK_CONCLUDED;989285;257132;71428;64010;1024221
597079;POLICY3_CLOUD;TASK_CONCLUDED;989285;257132;71428;64010;1024221
598052;POLICY3_CLOUD;TASK_CANCELED;1245128;257132;51282;64010;1224866
599238;POLICY3_CLOUD;TASK_CONCLUDED;989285;257132;71428;64010;1024221
600508;POLICY3_CLOUD;TASK_CANCELED;1245128;257132;51282;64010;1224866
601381;POLICY2_MEC;TASK_CONCLUDED;245025;140313;266666;32021;368008
601393;POLICY3_CLOUD;TASK_CONCLUDED;989285;257132;71428;64010;1024221
602463;POLICY3_CLOUD;TASK_CONCLUDED;989285;257132;71428;64010;1024221
602518;POLICY2_MEC;TASK_CONCLUDED;245025;140313;266666;32021;368008
602818;POLICY3_CLOUD;TASK_CANCELED;1245128;257132;51282;64010;1224866
603126;POLICY2_MEC;TASK_CONCLUDED;245025;140313;266666;32021;368008
604116;POLICY3_CLOUD;TASK_CONCLUDED;989285;257132;71428;64010;1024221
604400;POLICY3_CLOUD;TASK_CANCELED;1245128;257132;51282;64010;1224866
605749;POLICY3_CLOUD;TASK_CONCLUDED;989285;257132;71428;64010;1024221
606260;POLICY3_CLOUD;TASK_CONCLUDED;989285;257132;71428;64010;1024221
607441;POLICY2_MEC;TASK_CONCLUDED;245025;140313;266666;32021;368008
608218;POLICY3_CLOUD;TASK_CANCELED;1245128;257132;51282;64010;1224866
608351;POLICY2_MEC;TASK_CONCLUDED;245025;140313;266666;32021;368008
608983;POLICY2_MEC;TASK_CONCLUDED;245025;140313;266666;32021;368008
609223;POLICY3_CLOUD;TASK_CONCLUDED;989285;257132;71428;64010;1024221
609958;POLICY2_MEC;TASK_CONCLUDED;245025;140313;266666;32021;368008
610052;POLICY3_CLOUD;TASK_CANCELED;1245128;257132;51282;64010;1224866
610956;POLICY3_CLOUD;TASK_CONCLUDED;989285;257132;71428;64010;1024221
611902;POLICY2_MEC;TASK_CONCLUDED;245025;140313;266666;32021;368008
612301;POLICY3_CLOUD;TASK_CANCELED;1245128;257132;51282;64010;1224866
613114;POLICY2_MEC;TASK_CONCLUDED;245025;140313;266666;32021;368008
613319;POLICY3_CLOUD;TASK_CONCLUDED;989285;257132;71428;64010;1024221
613908;POLICY3_CLOUD;TASK_CANCELED;1245128;257132;51282;64010;1224866
613984;POLICY2_MEC;TASK_CONCLUDED;245025;140313;266666;32021;368008
616240;POLICY2_MEC;TASK_CONCLUDED;245025;140313;266666;32021;368008
617566;POLICY3_CLOUD;TASK_CONCLUDED;989285;257132;71428;64010;1024221
618278;POLICY2_MEC;TASK_CONCLUDED;245025;140313;266666;32021;368008
619354;POLICY3_CLOUD;TASK_CONCLUDED;989285;257132;71428;64010;1024221
620754;POLICY3_CLOUD;TASK_CONCLUDED;989285;257132;71428;64010;1024221
621181;POLICY2_MEC;TASK_CONCLUDED;245025;140313;266666;32021;368008
623229;POLICY2_MEC;TASK_CONCLUDED;245025;140313;266666;32021;368008
623347;POLICY2_MEC;TASK_CONCLUDED;245025;140313;266666;32021;368008
623861;POLICY3_CLOUD;TASK_CONCLUDED;989285;257132;71428;64010;1024221
624990;POLICY2_MEC;TASK_CONCLUDED;245025;140313;266666;32021;368008
627235;POLICY2_MEC;TASK_CONCLUDED;245025;140313;266666;32021;368008
628205;POLICY3_CLOUD;TASK_CONCLUDED;989285;257132;71428;64010;1024221
628797;POLICY3_CLOUD;TASK_CONCLUDED;989285;257132;71428;64010;1024221
629663;POLICY2_MEC;TASK_CONCLUDED;245025;140313;266666;32021;368008
631843;POLICY3_CLOUD;TASK_CONCLUDED;989285;257132;71428;64010;1024221
633169;POLICY3_CLOUD;TASK_CONCLUDED;989285;257132;71428;64010;1024221
634816;POLICY2_MEC;TASK_CONCLUDED;245025;140313;266666;32021;368008
635874;POLICY2_MEC;TASK_CONCLUDED;245025;140313;266666;32021;368008
637758;POLICY2_MEC;TASK_CONCLUDED;245025;140313;266666;32021;368008
638217;POLICY2_MEC;TASK_CONCLUDED;245025;140313;266666;32021;368008
639112;POLICY2_MEC;TASK_CONCLUDED;245025;140313;266666;32021;368008
640538;POLICY2_MEC;TASK_CONCLUDED;245025;140313;266666;32021;368008
646006;POLICY2_MEC;TASK_CONCLUDED;245025;140313;266666;32021;368008
648843;POLICY2_MEC;TASK_CONCLUDED;245025;140313;266666;32021;368008
654584;POLICY2_MEC;TASK_CONCLUDED;245025;140313;266666;32021;368008
655960;POLICY2_MEC;TASK_CONCLUDED;245025;140313;266666;32021;368008
656387;POLICY2_MEC;TASK_CONCLUDED;245025;140313;266666;32021;368008
657313;POLICY2_MEC;TASK_CONCLUDED;245025;140313;266666;32021;368008
658131;POLICY2_MEC;TASK_CONCLUDED;245025;140313;266666;32021;368008
659243;POLICY2_MEC;TASK_CONCLUDED;245025;140313;266666;32021;368008
660328;POLICY2_MEC;TASK_CONCLUDED;245025;140313;266666;32021;368008
662487;POLICY2_MEC;TASK_CONCLUDED;245025;140313;266666;32021;368008
664642;POLICY2_MEC;TASK_CONCLUDED;245025;140313;266666;32021;368008
665712;POLICY2_MEC;TASK_CONCLUDED;245025;140313;266666;32021;368008
667365;POLICY2_MEC;TASK_CONCLUDED;245025;140313;266666;32021;368008
668998;POLICY2_MEC;TASK_CONCLUDED;245025;140313;266666;32021;368008
669509;POLICY2_MEC;TASK_CONCLUDED;245025;140313;266666;32021;368008
672472;POLICY2_MEC;TASK_CONCLUDED;245025;140313;266666;32021;368008
