Time;Policy;Finalization Status;CPU core Energy;Transfer Energy;CPU core Time;Transfer Time;Cost
115453;POLICY3_CLOUD;TASK_CANCELED;1245128;257132;51282;64010;1224866
116012;POLICY3_CLOUD;TASK_CANCELED;1245128;257132;51282;64010;1224866
116264;POLICY3_CLOUD;TASK_CANCELED;1245128;257132;51282;64010;1224866
116892;POLICY3_CLOUD;TASK_CANCELED;1245128;257132;51282;64010;1224866
117567;POLICY3_CLOUD;TASK_CANCELED;1245128;257132;51282;64010;1224866
117857;POLICY3_CLOUD;TASK_CANCELED;1245128;257132;51282;64010;1224866
118589;POLICY3_CLOUD;TASK_CANCELED;1245128;257132;51282;64010;1224866
119099;POLICY3_CLOUD;TASK_CANCELED;1245128;257132;51282;64010;1224866
119392;POLICY3_CLOUD;TASK_CANCELED;1245128;257132;51282;64010;1224866
120415;POLICY3_CLOUD;TASK_CANCELED;1245128;257132;51282;64010;1224866
121054;POLICY3_CLOUD;TASK_CANCELED;1245128;257132;51282;64010;1224866
121263;POLICY3_CLOUD;TASK_CANCELED;1245128;257132;51282;64010;1224866
121600;POLICY3_CLOUD;TASK_CANCELED;1245128;257132;51282;64010;1224866
122063;POLICY3_CLOUD;TASK_CANCELED;1245128;257132;51282;64010;1224866
122400;POLICY3_CLOUD;TASK_CANCELED;1245128;257132;51282;64010;1224866
123192;POLICY3_CLOUD;TASK_CANCELED;1245128;257132;51282;64010;1224866
123585;POLICY3_CLOUD;TASK_CANCELED;1245128;257132;51282;64010;1224866
124233;POLICY3_CLOUD;TASK_CANCELED;1245128;257132;51282;64010;1224866
124293;POLICY3_CLOUD;TASK_CANCELED;1245128;257132;51282;64010;1224866
124419;POLICY3_CLOUD;TASK_CANCELED;1245128;257132;51282;64010;1224866
124581;POLICY3_CLOUD;TASK_CANCELED;1245128;257132;51282;64010;1224866
124970;POLICY3_CLOUD;TASK_CANCELED;1245128;257132;51282;64010;1224866
125257;POLICY3_CLOUD;TASK_CANCELED;1245128;257132;51282;64010;1224866
125666;POLICY3_CLOUD;TASK_CANCELED;1245128;257132;51282;64010;1224866
125898;POLICY3_CLOUD;TASK_CANCELED;1245128;257132;51282;64010;1224866
125986;POLICY3_CLOUD;TASK_CANCELED;1245128;257132;51282;64010;1224866
126403;POLICY3_CLOUD;TASK_CANCELED;1245128;257132;51282;64010;1224866
126543;POLICY3_CLOUD;TASK_CANCELED;1245128;257132;51282;64010;1224866
126932;POLICY3_CLOUD;TASK_CANCELED;1245128;257132;51282;64010;1224866
127413;POLICY3_CLOUD;TASK_CANCELED;1245128;257132;51282;64010;1224866
128104;POLICY3_CLOUD;TASK_CANCELED;1245128;257132;51282;64010;1224866
128759;POLICY3_CLOUD;TASK_CANCELED;1245128;257132;51282;64010;1224866
128844;POLICY3_CLOUD;TASK_CANCELED;1245128;257132;51282;64010;1224866
129030;POLICY3_CLOUD;TASK_CANCELED;1245128;257132;51282;64010;1224866
129312;POLICY3_CLOUD;TASK_CANCELED;1245128;257132;51282;64010;1224866
130035;POLICY3_CLOUD;TASK_CANCELED;1245128;257132;51282;64010;1224866
130427;POLICY3_CLOUD;TASK_CANCELED;1245128;257132;51282;64010;1224866
130604;POLICY3_CLOUD;TASK_CANCELED;1245128;257132;51282;64010;1224866
130801;POLICY3_CLOUD;TASK_CANCELED;1245128;257132;51282;64010;1224866
131674;POLICY3_CLOUD;TASK_CANCELED;1245128;257132;51282;64010;1224866
131749;POLICY3_CLOUD;TASK_CANCELED;1245128;257132;51282;64010;1224866
132005;POLICY3_CLOUD;TASK_CANCELED;1245128;257132;51282;64010;1224866
132211;POLICY3_CLOUD;TASK_CANCELED;1245128;257132;51282;64010;1224866
133010;POLICY3_CLOUD;TASK_CANCELED;1245128;257132;51282;64010;1224866
133209;POLICY3_CLOUD;TASK_CANCELED;1245128;257132;51282;64010;1224866
133388;POLICY3_CLOUD;TASK_CANCELED;1245128;257132;51282;64010;1224866
134338;POLICY3_CLOUD;TASK_CANCELED;1245128;257132;51282;64010;1224866
135317;POLICY3_CLOUD;TASK_CANCELED;1245128;257132;51282;64010;1224866
136374;POLICY3_CLOUD;TASK_CANCELED;1245128;257132;51282;64010;1224866
136706;POLICY3_CLOUD;TASK_CANCELED;1245128;257132;51282;64010;1224866
136914;POLICY3_CLOUD;TASK_CANCELED;1245128;257132;51282;64010;1224866
137436;POLICY3_CLOUD;TASK_CANCELED;1245128;257132;51282;64010;1224866
137753;POLICY3_CLOUD;TASK_CANCELED;1245128;257132;51282;64010;1224866
138110;POLICY3_CLOUD;TASK_CANCELED;1245128;257132;51282;64010;1224866
138719;POLICY3_CLOUD;TASK_CANCELED;1245128;257132;51282;64010;1224866
138772;POLICY3_CLOUD;TASK_CANCELED;1245128;257132;51282;64010;1224866
139135;POLICY3_CLOUD;TASK_CANCELED;1245128;257132;51282;64010;1224866
139591;POLICY3_CLOUD;TASK_CANCELED;1245128;257132;51282;64010;1224866
139842;POLICY3_CLOUD;TASK_CANCELED;1245128;257132;51282;64010;1224866
140097;POLICY3_CLOUD;TASK_CANCELED;1245128;257132;51282;64010;1224866
140689;POLICY3_CLOUD;TASK_CANCELED;1245128;257132;51282;64010;1224866
141059;POLICY3_CLOUD;TASK_CANCELED;1245128;257132;51282;64010;1224866
141492;POLICY3_CLOUD;TASK_CANCELED;1245128;257132;51282;64010;1224866
141947;POLICY3_CLOUD;TASK_CANCELED;1245128;257132;51282;64010;1224866
142072;POLICY3_CLOUD;TASK_CANCELED;1245128;257132;51282;64010;1224866
142298;POLICY3_CLOUD;TASK_CANCELED;1245128;257132;51282;64010;1224866
142956;POLICY3_CLOUD;TASK_CANCELED;1245128;257132;51282;64010;1224866
143786;POLICY3_CLOUD;TASK_CANCELED;1245128;257132;51282;64010;1224866
143893;POLICY3_CLOUD;TASK_CANCELED;1245128;257132;51282;64010;1224866
144383;POLICY3_CLOUD;TASK_CANCELED;1245128;257132;51282;64010;1224866
144613;POLICY3_CLOUD;TASK_CANCELED;1245128;257132;51282;64010;1224866
144841;POLICY3_CLOUD;TASK_CANCELED;1245128;257132;51282;64010;1224866
144954;POLICY3_CLOUD;TASK_CANCELED;1245128;257132;51282;64010;1224866
145686;POLICY3_CLOUD;TASK_CANCELED;1245128;257132;51282;64010;1224866
145758;POLICY3_CLOUD;TASK_CANCELED;1245128;257132;51282;64010;1224866
146041;POLICY3_CLOUD;TASK_CANCELED;1245128;257132;51282;64010;1224866
146563;POLICY3_CLOUD;TASK_CANCELED;1245128;257132;51282;64010;1224866
146729;POLICY3_CLOUD;TASK_CANCELED;1245128;257132;51282;64010;1224866
146937;POLICY3_CLOUD;TASK_CANCELED;1245128;257132;51282;64010;1224866
147178;POLICY3_CLOUD;TASK_CANCELED;1245128;257132;51282;64010;1224866
147439;POLICY3_CLOUD;TASK_CANCELED;1245128;257132;51282;64010;1224866
147644;POLICY3_CLOUD;TASK_CANCELED;1245128;257132;51282;64010;1224866
147837;POLICY3_CLOUD;TASK_CANCELED;1245128;257132;51282;64010;1224866
148074;POLICY3_CLOUD;TASK_CANCELED;1245128;257132;51282;64010;1224866
148921;POLICY3_CLOUD;TASK_CANCELED;1245128;257132;51282;64010;1224866
149394;POLICY3_CLOUD;TASK_CANCELED;1245128;257132;51282;64010;1224866
149663;POLICY3_CLOUD;TASK_CANCELED;1245128;257132;51282;64010;1224866
149932;POLICY3_CLOUD;TASK_CANCELED;1245128;257132;51282;64010;1224866
150261;POLICY3_CLOUD;TASK_CANCELED;1245128;257132;51282;64010;1224866
150390;POLICY3_CLOUD;TASK_CANCELED;1245128;257132;51282;64010;1224866
151054;POLICY3_CLOUD;TASK_CANCELED;1245128;257132;51282;64010;1224866
151307;POLICY3_CLOUD;TASK_CANCELED;1245128;257132;51282;64010;1224866
151820;POLICY3_CLOUD;TASK_CONCLUDED;989285;257132;71428;64010;1024221
151908;POLICY3_CLOUD;TASK_CONCLUDED;989285;257132;71428;64010;1024221
151972;POLICY3_CLOUD;TASK_CANCELED;1245128;257132;51282;64010;1224866
152261;POLICY3_CLOUD;TASK_CONCLUDED;989285;257132;71428;64010;1024221
152308;POLICY3_CLOUD;TASK_CANCELED;1245128;257132;51282;64010;1224866
152664;POLICY3_CLOUD;TASK_CONCLUDED;989285;257132;71428;64010;1024221
152728;POLICY3_CLOUD;TASK_CANCELED;1245128;257132;51282;64010;1224866
152911;POLICY3_CLOUD;TASK_CANCELED;1245128;257132;51282;64010;1224866
153192;POLICY3_CLOUD;TASK_CANCELED;1245128;257132;51282;64010;1224866
153228;POLICY3_CLOUD;TASK_CONCLUDED;989285;257132;71428;64010;1024221
153503;POLICY3_CLOUD;TASK_CONCLUDED;989285;257132;71428;64010;1024221
153759;POLICY3_CLOUD;TASK_CANCELED;1245128;257132;51282;64010;1224866
154067;POLICY3_CLOUD;TASK_CONCLUDED;989285;257132;71428;64010;1024221
154277;POLICY3_CLOUD;TASK_CANCELED;1245128;257132;51282;64010;1224866
154673;POLICY3_CLOUD;TASK_CANCELED;1245128;257132;51282;64010;1224866
154815;POLICY3_CLOUD;TASK_CANCELED;1245128;257132;51282;64010;1224866
155058;POLICY3_CLOUD;TASK_CONCLUDED;989285;257132;71428;64010;1024221
155285;POLICY3_CLOUD;TASK_CANCELED;1245128;257132;51282;64010;1224866
155628;POLICY3_CLOUD;TASK_CONCLUDED;989285;257132;71428;64010;1024221
155783;POLICY3_CLOUD;TASK_CANCELED;1245128;257132;51282;64010;1224866
156392;POLICY3_CLOUD;TASK_CANCELED;1245128;257132;51282;64010;1224866
156533;POLICY3_CLOUD;TASK_CONCLUDED;989285;257132;71428;64010;1024221
156839;POLICY3_CLOUD;TASK_CANCELED;1245128;257132;51282;64010;1224866
156990;POLICY3_CLOUD;TASK_CONCLUDED;989285;257132;71428;64010;1024221
157337;POLICY3_CLOUD;TASK_CANCELED;1245128;257132;51282;64010;1224866
157571;POLICY3_CLOUD;TASK_CONCLUDED;989285;257132;71428;64010;1024221
157612;POLICY3_CLOUD;TASK_CANCELED;1245128;257132;51282;64010;1224866
157622;POLICY3_CLOUD;TASK_CONCLUDED;989285;257132;71428;64010;1024221
157874;POLICY3_CLOUD;TASK_CANCELED;1245128;257132;51282;64010;1224866
158076;POLICY3_CLOUD;TASK_CONCLUDED;989285;257132;71428;64010;1024221
158153;POLICY3_CLOUD;TASK_CANCELED;1245128;257132;51282;64010;1224866
158265;POLICY3_CLOUD;TASK_CONCLUDED;989285;257132;71428;64010;1024221
158448;POLICY3_CLOUD;TASK_CANCELED;1245128;257132;51282;64010;1224866
158852;POLICY3_CLOUD;TASK_CANCELED;1245128;257132;51282;64010;1224866
158898;POLICY3_CLOUD;TASK_CONCLUDED;989285;257132;71428;64010;1024221
158942;POLICY3_CLOUD;TASK_CONCLUDED;989285;257132;71428;64010;1024221
159344;POLICY3_CLOUD;TASK_CONCLUDED;989285;257132;71428;64010;1024221
159356;POLICY3_CLOUD;TASK_CANCELED;1245128;257132;51282;64010;1224866
159531;POLICY3_CLOUD;TASK_CANCELED;1245128;257132;51282;64010;1224866
159745;POLICY3_CLOUD;TASK_CONCLUDED;989285;257132;71428;64010;1024221
160064;POLICY3_CLOUD;TASK_CANCELED;1245128;257132;51282;64010;1224866
160224;POLICY3_CLOUD;TASK_CONCLUDED;989285;257132;71428;64010;1024221
160323;POLICY3_CLOUD;TASK_CONCLUDED;989285;257132;71428;64010;1024221
160347;POLICY3_CLOUD;TASK_CANCELED;1245128;257132;51282;64010;1224866
160502;POLICY3_CLOUD;TASK_CANCELED;1245128;257132;51282;64010;1224866
160834;POLICY3_CLOUD;TASK_CANCELED;1245128;257132;51282;64010;1224866
161017;POLICY3_CLOUD;TASK_CONCLUDED;989285;257132;71428;64010;1024221
161502;POLICY3_CLOUD;TASK_CANCELED;1245128;257132;51282;64010;1224866
161609;POLICY3_CLOUD;TASK_CONCLUDED;989285;257132;71428;64010;1024221
161798;POLICY3_CLOUD;TASK_CANCELED;1245128;257132;51282;64010;1224866
161975;POLICY3_CLOUD;TASK_CONCLUDED;989285;257132;71428;64010;1024221
162168;POLICY3_CLOUD;TASK_CONCLUDED;989285;257132;71428;64010;1024221
162282;POLICY3_CLOUD;TASK_CONCLUDED;989285;257132;71428;64010;1024221
162283;POLICY3_CLOUD;TASK_CANCELED;1245128;257132;51282;64010;1224866
162663;POLICY3_CLOUD;TASK_CONCLUDED;989285;257132;71428;64010;1024221
162883;POLICY3_CLOUD;TASK_CANCELED;1245128;257132;51282;64010;1224866
163269;POLICY3_CLOUD;TASK_CONCLUDED;989285;257132;71428;64010;1024221
163536;POLICY3_CLOUD;TASK_CANCELED;1245128;257132;51282;64010;1224866
163646;POLICY3_CLOUD;TASK_CANCELED;1245128;257132;51282;64010;1224866
163818;POLICY3_CLOUD;TASK_CANCELED;1245128;257132;51282;64010;1224866
164014;POLICY3_CLOUD;TASK_CONCLUDED;989285;257132;71428;64010;1024221
164040;POLICY3_CLOUD;TASK_CONCLUDED;989285;257132;71428;64010;1024221
164284;POLICY3_CLOUD;TASK_CANCELED;1245128;257132;51282;64010;1224866
164503;POLICY3_CLOUD;TASK_CANCELED;1245128;257132;51282;64010;1224866
164737;POLICY3_CLOUD;TASK_CONCLUDED;989285;257132;71428;64010;1024221
164899;POLICY3_CLOUD;TASK_CONCLUDED;989285;257132;71428;64010;1024221
164944;POLICY3_CLOUD;TASK_CANCELED;1245128;257132;51282;64010;1224866
165078;POLICY3_CLOUD;TASK_CONCLUDED;989285;257132;71428;64010;1024221
165492;POLICY3_CLOUD;TASK_CANCELED;1245128;257132;51282;64010;1224866
165657;POLICY3_CLOUD;TASK_CONCLUDED;989285;257132;71428;64010;1024221
165775;POLICY3_CLOUD;TASK_CANCELED;1245128;257132;51282;64010;1224866
165888;POLICY3_CLOUD;TASK_CONCLUDED;989285;257132;71428;64010;1024221
165980;POLICY3_CLOUD;TASK_CONCLUDED;989285;257132;71428;64010;1024221
166108;POLICY3_CLOUD;TASK_CANCELED;1245128;257132;51282;64010;1224866
166463;POLICY3_CLOUD;TASK_CONCLUDED;989285;257132;71428;64010;1024221
166607;POLICY3_CLOUD;TASK_CANCELED;1245128;257132;51282;64010;1224866
166691;POLICY3_CLOUD;TASK_CANCELED;1245128;257132;51282;64010;1224866
166733;POLICY3_CLOUD;TASK_CONCLUDED;989285;257132;71428;64010;1024221
167003;POLICY3_CLOUD;TASK_CONCLUDED;989285;257132;71428;64010;1024221
167020;POLICY3_CLOUD;TASK_CANCELED;1245128;257132;51282;64010;1224866
167258;POLICY3_CLOUD;TASK_CONCLUDED;989285;257132;71428;64010;1024221
167547;POLICY3_CLOUD;TASK_CONCLUDED;989285;257132;71428;64010;1024221
167756;POLICY3_CLOUD;TASK_CONCLUDED;989285;257132;71428;64010;1024221
167929;POLICY3_CLOUD;TASK_CONCLUDED;989285;257132;71428;64010;1024221
168098;POLICY3_CLOUD;TASK_CANCELED;1245128;257132;51282;64010;1224866
168127;POLICY3_CLOUD;TASK_CANCELED;1245128;257132;51282;64010;1224866
168153;POLICY3_CLOUD;TASK_CONCLUDED;989285;257132;71428;64010;1024221
168254;POLICY3_CLOUD;TASK_CANCELED;1245128;257132;51282;64010;1224866
168533;POLICY3_CLOUD;TASK_CONCLUDED;989285;257132;71428;64010;1024221
168731;POLICY3_CLOUD;TASK_CANCELED;1245128;257132;51282;64010;1224866
169120;POLICY3_CLOUD;TASK_CANCELED;1245128;257132;51282;64010;1224866
169529;POLICY3_CLOUD;TASK_CONCLUDED;989285;257132;71428;64010;1024221
169559;POLICY3_CLOUD;TASK_CANCELED;1245128;257132;51282;64010;1224866
169596;POLICY3_CLOUD;TASK_CONCLUDED;989285;257132;71428;64010;1024221
169869;POLICY3_CLOUD;TASK_CONCLUDED;989285;257132;71428;64010;1024221
170076;POLICY3_CLOUD;TASK_CANCELED;1245128;257132;51282;64010;1224866
170098;POLICY3_CLOUD;TASK_CONCLUDED;989285;257132;71428;64010;1024221
170217;POLICY3_CLOUD;TASK_CANCELED;1245128;257132;51282;64010;1224866
170318;POLICY3_CLOUD;TASK_CANCELED;1245128;257132;51282;64010;1224866
170489;POLICY3_CLOUD;TASK_CONCLUDED;989285;257132;71428;64010;1024221
170539;POLICY3_CLOUD;TASK_CANCELED;1245128;257132;51282;64010;1224866
170834;POLICY3_CLOUD;TASK_CANCELED;1245128;257132;51282;64010;1224866
170980;POLICY3_CLOUD;TASK_CONCLUDED;989285;257132;71428;64010;1024221
171263;POLICY3_CLOUD;TASK_CANCELED;1245128;257132;51282;64010;1224866
171325;POLICY3_CLOUD;TASK_CONCLUDED;989285;257132;71428;64010;1024221
171879;POLICY3_CLOUD;TASK_CONCLUDED;989285;257132;71428;64010;1024221
172039;POLICY3_CLOUD;TASK_CANCELED;1245128;257132;51282;64010;1224866
172358;POLICY3_CLOUD;TASK_CONCLUDED;989285;257132;71428;64010;1024221
172364;POLICY3_CLOUD;TASK_CANCELED;1245128;257132;51282;64010;1224866
172618;POLICY3_CLOUD;TASK_CANCELED;1245128;257132;51282;64010;1224866
172675;POLICY3_CLOUD;TASK_CONCLUDED;989285;257132;71428;64010;1024221
172815;POLICY3_CLOUD;TASK_CANCELED;1245128;257132;51282;64010;1224866
173001;POLICY3_CLOUD;TASK_CONCLUDED;989285;257132;71428;64010;1024221
173166;POLICY3_CLOUD;TASK_CANCELED;1245128;257132;51282;64010;1224866
173259;POLICY3_CLOUD;TASK_CONCLUDED;989285;257132;71428;64010;1024221
173402;POLICY3_CLOUD;TASK_CANCELED;1245128;257132;51282;64010;1224866
173469;POLICY3_CLOUD;TASK_CONCLUDED;989285;257132;71428;64010;1024221
173791;POLICY3_CLOUD;TASK_CANCELED;1245128;257132;51282;64010;1224866
174252;POLICY3_CLOUD;TASK_CONCLUDED;989285;257132;71428;64010;1024221
174487;POLICY3_CLOUD;TASK_CANCELED;1245128;257132;51282;64010;1224866
174578;POLICY3_CLOUD;TASK_CONCLUDED;989285;257132;71428;64010;1024221
174737;POLICY3_CLOUD;TASK_CANCELED;1245128;257132;51282;64010;1224866
174826;POLICY3_CLOUD;TASK_CONCLUDED;989285;257132;71428;64010;1024221
175145;POLICY3_CLOUD;TASK_CANCELED;1245128;257132;51282;64010;1224866
175253;POLICY3_CLOUD;TASK_CONCLUDED;989285;257132;71428;64010;1024221
175377;POLICY3_CLOUD;TASK_CANCELED;1245128;257132;51282;64010;1224866
175696;POLICY3_CLOUD;TASK_CANCELED;1245128;257132;51282;64010;1224866
175853;POLICY3_CLOUD;TASK_CONCLUDED;989285;257132;71428;64010;1024221
176085;POLICY3_CLOUD;TASK_CONCLUDED;989285;257132;71428;64010;1024221
176249;POLICY3_CLOUD;TASK_CANCELED;1245128;257132;51282;64010;1224866
176578;POLICY3_CLOUD;TASK_CANCELED;1245128;257132;51282;64010;1224866
176696;POLICY3_CLOUD;TASK_CONCLUDED;989285;257132;71428;64010;1024221
177156;POLICY3_CLOUD;TASK_CONCLUDED;989285;257132;71428;64010;1024221
177299;POLICY3_CLOUD;TASK_CANCELED;1245128;257132;51282;64010;1224866
177586;POLICY3_CLOUD;TASK_CONCLUDED;989285;257132;71428;64010;1024221
177932;POLICY3_CLOUD;TASK_CANCELED;1245128;257132;51282;64010;1224866
177948;POLICY3_CLOUD;TASK_CONCLUDED;989285;257132;71428;64010;1024221
178206;POLICY3_CLOUD;TASK_CONCLUDED;989285;257132;71428;64010;1024221
178394;POLICY3_CLOUD;TASK_CONCLUDED;989285;257132;71428;64010;1024221
178458;POLICY3_CLOUD;TASK_CANCELED;1245128;257132;51282;64010;1224866
178698;POLICY3_CLOUD;TASK_CONCLUDED;989285;257132;71428;64010;1024221
178733;POLICY3_CLOUD;TASK_CANCELED;1245128;257132;51282;64010;1224866
179078;POLICY3_CLOUD;TASK_CONCLUDED;989285;257132;71428;64010;1024221
179085;POLICY3_CLOUD;TASK_CANCELED;1245128;257132;51282;64010;1224866
179466;POLICY3_CLOUD;TASK_CANCELED;1245128;257132;51282;64010;1224866
179507;POLICY3_CLOUD;TASK_CONCLUDED;989285;257132;71428;64010;1024221
179794;POLICY3_CLOUD;TASK_CONCLUDED;989285;257132;71428;64010;1024221
179801;POLICY3_CLOUD;TASK_CANCELED;1245128;257132;51282;64010;1224866
180229;POLICY3_CLOUD;TASK_CONCLUDED;989285;257132;71428;64010;1024221
180257;POLICY3_CLOUD;TASK_CANCELED;1245128;257132;51282;64010;1224866
180623;POLICY3_CLOUD;TASK_CONCLUDED;989285;257132;71428;64010;1024221
180648;POLICY3_CLOUD;TASK_CANCELED;1245128;257132;51282;64010;1224866
180864;POLICY3_CLOUD;TASK_CANCELED;1245128;257132;51282;64010;1224866
180882;POLICY3_CLOUD;TASK_CONCLUDED;989285;257132;71428;64010;1024221
181547;POLICY3_CLOUD;TASK_CONCLUDED;989285;257132;71428;64010;1024221
181590;POLICY3_CLOUD;TASK_CANCELED;1245128;257132;51282;64010;1224866
181750;POLICY3_CLOUD;TASK_CONCLUDED;989285;257132;71428;64010;1024221
181815;POLICY3_CLOUD;TASK_CANCELED;1245128;257132;51282;64010;1224866
182016;POLICY3_CLOUD;TASK_CONCLUDED;989285;257132;71428;64010;1024221
182091;POLICY3_CLOUD;TASK_CANCELED;1245128;257132;51282;64010;1224866
182288;POLICY3_CLOUD;TASK_CANCELED;1245128;257132;51282;64010;1224866
182734;POLICY3_CLOUD;TASK_CONCLUDED;989285;257132;71428;64010;1024221
183005;POLICY3_CLOUD;TASK_CANCELED;1245128;257132;51282;64010;1224866
183093;POLICY3_CLOUD;TASK_CONCLUDED;989285;257132;71428;64010;1024221
183401;POLICY3_CLOUD;TASK_CANCELED;1245128;257132;51282;64010;1224866
183421;POLICY3_CLOUD;TASK_CANCELED;1245128;257132;51282;64010;1224866
183605;POLICY3_CLOUD;TASK_CANCELED;1245128;257132;51282;64010;1224866
183718;POLICY3_CLOUD;TASK_CONCLUDED;989285;257132;71428;64010;1024221
183878;POLICY3_CLOUD;TASK_CONCLUDED;989285;257132;71428;64010;1024221
184177;POLICY3_CLOUD;TASK_CONCLUDED;989285;257132;71428;64010;1024221
184228;POLICY3_CLOUD;TASK_CANCELED;1245128;257132;51282;64010;1224866
184547;POLICY3_CLOUD;TASK_CONCLUDED;989285;257132;71428;64010;1024221
184768;POLICY3_CLOUD;TASK_CANCELED;1245128;257132;51282;64010;1224866
184915;POLICY3_CLOUD;TASK_CONCLUDED;989285;257132;71428;64010;1024221
184955;POLICY3_CLOUD;TASK_CANCELED;1245128;257132;51282;64010;1224866
185348;POLICY3_CLOUD;TASK_CANCELED;1245128;257132;51282;64010;1224866
185491;POLICY3_CLOUD;TASK_CONCLUDED;989285;257132;71428;64010;1024221
185834;POLICY3_CLOUD;TASK_CONCLUDED;989285;257132;71428;64010;1024221
185887;POLICY3_CLOUD;TASK_CANCELED;1245128;257132;51282;64010;1224866
185980;POLICY3_CLOUD;TASK_CANCELED;1245128;257132;51282;64010;1224866
186104;POLICY3_CLOUD;TASK_CONCLUDED;989285;257132;71428;64010;1024221
186149;POLICY3_CLOUD;TASK_CANCELED;1245128;257132;51282;64010;1224866
186361;POLICY3_CLOUD;TASK_CANCELED;1245128;257132;51282;64010;1224866
186423;POLICY3_CLOUD;TASK_CANCELED;1245128;257132;51282;64010;1224866
186478;POLICY3_CLOUD;TASK_CONCLUDED;989285;257132;71428;64010;1024221
186798;POLICY3_CLOUD;TASK_CONCLUDED;989285;257132;71428;64010;1024221
186850;POLICY3_CLOUD;TASK_CANCELED;1245128;257132;51282;64010;1224866
187054;POLICY3_CLOUD;TASK_CONCLUDED;989285;257132;71428;64010;1024221
187399;POLICY3_CLOUD;TASK_CANCELED;1245128;257132;51282;64010;1224866
187647;POLICY3_CLOUD;TASK_CANCELED;1245128;257132;51282;64010;1224866
187790;POLICY3_CLOUD;TASK_CANCELED;1245128;257132;51282;64010;1224866
187951;POLICY3_CLOUD;TASK_CONCLUDED;989285;257132;71428;64010;1024221
187970;POLICY3_CLOUD;TASK_CANCELED;1245128;257132;51282;64010;1224866
188264;POLICY3_CLOUD;TASK_CONCLUDED;989285;257132;71428;64010;1024221
188285;POLICY3_CLOUD;TASK_CONCLUDED;989285;257132;71428;64010;1024221
188536;POLICY3_CLOUD;TASK_CONCLUDED;989285;257132;71428;64010;1024221
188827;POLICY3_CLOUD;TASK_CANCELED;1245128;257132;51282;64010;1224866
188892;POLICY3_CLOUD;TASK_CONCLUDED;989285;257132;71428;64010;1024221
189104;POLICY3_CLOUD;TASK_CANCELED;1245128;257132;51282;64010;1224866
189468;POLICY3_CLOUD;TASK_CANCELED;1245128;257132;51282;64010;1224866
189638;POLICY3_CLOUD;TASK_CONCLUDED;989285;257132;71428;64010;1024221
189847;POLICY3_CLOUD;TASK_CONCLUDED;989285;257132;71428;64010;1024221
190137;POLICY3_CLOUD;TASK_CANCELED;1245128;257132;51282;64010;1224866
190202;POLICY3_CLOUD;TASK_CANCELED;1245128;257132;51282;64010;1224866
190243;POLICY3_CLOUD;TASK_CANCELED;1245128;257132;51282;64010;1224866
190352;POLICY3_CLOUD;TASK_CONCLUDED;989285;257132;71428;64010;1024221
190423;POLICY3_CLOUD;TASK_CANCELED;1245128;257132;51282;64010;1224866
190454;POLICY3_CLOUD;TASK_CONCLUDED;989285;257132;71428;64010;1024221
190601;POLICY3_CLOUD;TASK_CONCLUDED;989285;257132;71428;64010;1024221
190613;POLICY3_CLOUD;TASK_CANCELED;1245128;257132;51282;64010;1224866
190881;POLICY3_CLOUD;TASK_CONCLUDED;989285;257132;71428;64010;1024221
191061;POLICY3_CLOUD;TASK_CANCELED;1245128;257132;51282;64010;1224866
191079;POLICY3_CLOUD;TASK_CONCLUDED;989285;257132;71428;64010;1024221
191286;POLICY3_CLOUD;TASK_CANCELED;1245128;257132;51282;64010;1224866
191310;POLICY3_CLOUD;TASK_CANCELED;1245128;257132;51282;64010;1224866
191910;POLICY3_CLOUD;TASK_CONCLUDED;989285;257132;71428;64010;1024221
192351;POLICY3_CLOUD;TASK_CANCELED;1245128;257132;51282;64010;1224866
192492;POLICY3_CLOUD;TASK_CONCLUDED;989285;257132;71428;64010;1024221
192521;POLICY3_CLOUD;TASK_CONCLUDED;989285;257132;71428;64010;1024221
192941;POLICY3_CLOUD;TASK_CONCLUDED;989285;257132;71428;64010;1024221
193189;POLICY3_CLOUD;TASK_CONCLUDED;989285;257132;71428;64010;1024221
193352;POLICY3_CLOUD;TASK_CANCELED;1245128;257132;51282;64010;1224866
193445;POLICY3_CLOUD;TASK_CONCLUDED;989285;257132;71428;64010;1024221
193547;POLICY3_CLOUD;TASK_CANCELED;1245128;257132;51282;64010;1224866
193834;POLICY3_CLOUD;TASK_CONCLUDED;989285;257132;71428;64010;1024221
193835;POLICY3_CLOUD;TASK_CANCELED;1245128;257132;51282;64010;1224866
194008;POLICY3_CLOUD;TASK_CONCLUDED;989285;257132;71428;64010;1024221
194377;POLICY3_CLOUD;TASK_CANCELED;1245128;257132;51282;64010;1224866
194574;POLICY3_CLOUD;TASK_CANCELED;1245128;257132;51282;64010;1224866
194689;POLICY3_CLOUD;TASK_CONCLUDED;989285;257132;71428;64010;1024221
194887;POLICY3_CLOUD;TASK_CONCLUDED;989285;257132;71428;64010;1024221
195131;POLICY3_CLOUD;TASK_CANCELED;1245128;257132;51282;64010;1224866
195469;POLICY3_CLOUD;TASK_CONCLUDED;989285;257132;71428;64010;1024221
195758;POLICY3_CLOUD;TASK_CONCLUDED;989285;257132;71428;64010;1024221
195777;POLICY3_CLOUD;TASK_CANCELED;1245128;257132;51282;64010;1224866
195921;POLICY3_CLOUD;TASK_CONCLUDED;989285;257132;71428;64010;1024221
196003;POLICY3_CLOUD;TASK_CANCELED;1245128;257132;51282;64010;1224866
196411;POLICY3_CLOUD;TASK_CANCELED;1245128;257132;51282;64010;1224866
196485;POLICY3_CLOUD;TASK_CONCLUDED;989285;257132;71428;64010;1024221
196882;POLICY3_CLOUD;TASK_CANCELED;1245128;257132;51282;64010;1224866
197017;POLICY3_CLOUD;TASK_CONCLUDED;989285;257132;71428;64010;1024221
197756;POLICY3_CLOUD;TASK_CONCLUDED;989285;257132;71428;64010;1024221
197919;POLICY3_CLOUD;TASK_CANCELED;1245128;257132;51282;64010;1224866
198291;POLICY3_CLOUD;TASK_CANCELED;1245128;257132;51282;64010;1224866
198449;POLICY3_CLOUD;TASK_CONCLUDED;989285;257132;71428;64010;1024221
198551;POLICY3_CLOUD;TASK_CANCELED;1245128;257132;51282;64010;1224866
198832;POLICY3_CLOUD;TASK_CONCLUDED;989285;257132;71428;64010;1024221
198998;POLICY3_CLOUD;TASK_CONCLUDED;989285;257132;71428;64010;1024221
199261;POLICY3_CLOUD;TASK_CONCLUDED;989285;257132;71428;64010;1024221
199378;POLICY3_CLOUD;TASK_CANCELED;1245128;257132;51282;64010;1224866
199474;POLICY3_CLOUD;TASK_CANCELED;1245128;257132;51282;64010;1224866
199683;POLICY3_CLOUD;TASK_CONCLUDED;989285;257132;71428;64010;1024221
199890;POLICY3_CLOUD;TASK_CANCELED;1245128;257132;51282;64010;1224866
200133;POLICY3_CLOUD;TASK_CONCLUDED;989285;257132;71428;64010;1024221
200282;POLICY3_CLOUD;TASK_CANCELED;1245128;257132;51282;64010;1224866
200511;POLICY3_CLOUD;TASK_CONCLUDED;989285;257132;71428;64010;1024221
200833;POLICY3_CLOUD;TASK_CANCELED;1245128;257132;51282;64010;1224866
200951;POLICY3_CLOUD;TASK_CONCLUDED;989285;257132;71428;64010;1024221
201023;POLICY3_CLOUD;TASK_CONCLUDED;989285;257132;71428;64010;1024221
201442;POLICY3_CLOUD;TASK_CANCELED;1245128;257132;51282;64010;1224866
201670;POLICY3_CLOUD;TASK_CANCELED;1245128;257132;51282;64010;1224866
201921;POLICY3_CLOUD;TASK_CONCLUDED;989285;257132;71428;64010;1024221
201972;POLICY3_CLOUD;TASK_CANCELED;1245128;257132;51282;64010;1224866
202182;POLICY3_CLOUD;TASK_CONCLUDED;989285;257132;71428;64010;1024221
202342;POLICY3_CLOUD;TASK_CONCLUDED;989285;257132;71428;64010;1024221
202748;POLICY3_CLOUD;TASK_CONCLUDED;989285;257132;71428;64010;1024221
203176;POLICY3_CLOUD;TASK_CONCLUDED;989285;257132;71428;64010;1024221
203551;POLICY3_CLOUD;TASK_CONCLUDED;989285;257132;71428;64010;1024221
203747;POLICY3_CLOUD;TASK_CONCLUDED;989285;257132;71428;64010;1024221
204010;POLICY3_CLOUD;TASK_CANCELED;1245128;257132;51282;64010;1224866
204034;POLICY3_CLOUD;TASK_CONCLUDED;989285;257132;71428;64010;1024221
204701;POLICY3_CLOUD;TASK_CONCLUDED;989285;257132;71428;64010;1024221
204827;POLICY3_CLOUD;TASK_CANCELED;1245128;257132;51282;64010;1224866
204971;POLICY3_CLOUD;TASK_CONCLUDED;989285;257132;71428;64010;1024221
205280;POLICY3_CLOUD;TASK_CONCLUDED;989285;257132;71428;64010;1024221
205789;POLICY3_CLOUD;TASK_CONCLUDED;989285;257132;71428;64010;1024221
206105;POLICY3_CLOUD;TASK_CONCLUDED;989285;257132;71428;64010;1024221
206127;POLICY3_CLOUD;TASK_CANCELED;1245128;257132;51282;64010;1224866
206204;POLICY3_CLOUD;TASK_CANCELED;1245128;257132;51282;64010;1224866
206243;POLICY3_CLOUD;TASK_CONCLUDED;989285;257132;71428;64010;1024221
206332;POLICY3_CLOUD;TASK_CONCLUDED;989285;257132;71428;64010;1024221
206565;POLICY3_CLOUD;TASK_CONCLUDED;989285;257132;71428;64010;1024221
206651;POLICY3_CLOUD;TASK_CANCELED;1245128;257132;51282;64010;1224866
206684;POLICY3_CLOUD;TASK_CANCELED;1245128;257132;51282;64010;1224866
206818;POLICY3_CLOUD;TASK_CONCLUDED;989285;257132;71428;64010;1024221
207015;POLICY3_CLOUD;TASK_CANCELED;1245128;257132;51282;64010;1224866
207157;POLICY3_CLOUD;TASK_CANCELED;1245128;257132;51282;64010;1224866
207339;POLICY3_CLOUD;TASK_CANCELED;1245128;257132;51282;64010;1224866
207348;POLICY3_CLOUD;TASK_CONCLUDED;989285;257132;71428;64010;1024221
207605;POLICY3_CLOUD;TASK_CONCLUDED;989285;257132;71428;64010;1024221
207832;POLICY3_CLOUD;TASK_CONCLUDED;989285;257132;71428;64010;1024221
207887;POLICY3_CLOUD;TASK_CANCELED;1245128;257132;51282;64010;1224866
207972;POLICY3_CLOUD;TASK_CONCLUDED;989285;257132;71428;64010;1024221
208747;POLICY3_CLOUD;TASK_CONCLUDED;989285;257132;71428;64010;1024221
208956;POLICY3_CLOUD;TASK_CANCELED;1245128;257132;51282;64010;1224866
209089;POLICY3_CLOUD;TASK_CONCLUDED;989285;257132;71428;64010;1024221
209445;POLICY3_CLOUD;TASK_CONCLUDED;989285;257132;71428;64010;1024221
209734;POLICY3_CLOUD;TASK_CANCELED;1245128;257132;51282;64010;1224866
210106;POLICY3_CLOUD;TASK_CANCELED;1245128;257132;51282;64010;1224866
210192;POLICY3_CLOUD;TASK_CONCLUDED;989285;257132;71428;64010;1024221
210219;POLICY3_CLOUD;TASK_CANCELED;1245128;257132;51282;64010;1224866
210294;POLICY3_CLOUD;TASK_CONCLUDED;989285;257132;71428;64010;1024221
210356;POLICY3_CLOUD;TASK_CONCLUDED;989285;257132;71428;64010;1024221
210485;POLICY3_CLOUD;TASK_CONCLUDED;989285;257132;71428;64010;1024221
210744;POLICY3_CLOUD;TASK_CONCLUDED;989285;257132;71428;64010;1024221
210896;POLICY3_CLOUD;TASK_CANCELED;1245128;257132;51282;64010;1224866
211134;POLICY3_CLOUD;TASK_CONCLUDED;989285;257132;71428;64010;1024221
211388;POLICY3_CLOUD;TASK_CANCELED;1245128;257132;51282;64010;1224866
211396;POLICY3_CLOUD;TASK_CONCLUDED;989285;257132;71428;64010;1024221
211451;POLICY3_CLOUD;TASK_CONCLUDED;989285;257132;71428;64010;1024221
211894;POLICY3_CLOUD;TASK_CANCELED;1245128;257132;51282;64010;1224866
212224;POLICY3_CLOUD;TASK_CONCLUDED;989285;257132;71428;64010;1024221
212314;POLICY3_CLOUD;TASK_CANCELED;1245128;257132;51282;64010;1224866
212733;POLICY3_CLOUD;TASK_CONCLUDED;989285;257132;71428;64010;1024221
212860;POLICY3_CLOUD;TASK_CANCELED;1245128;257132;51282;64010;1224866
213058;POLICY3_CLOUD;TASK_CANCELED;1245128;257132;51282;64010;1224866
213123;POLICY3_CLOUD;TASK_CANCELED;1245128;257132;51282;64010;1224866
213609;POLICY3_CLOUD;TASK_CONCLUDED;989285;257132;71428;64010;1024221
213727;POLICY3_CLOUD;TASK_CANCELED;1245128;257132;51282;64010;1224866
213955;POLICY3_CLOUD;TASK_CONCLUDED;989285;257132;71428;64010;1024221
214106;POLICY3_CLOUD;TASK_CANCELED;1245128;257132;51282;64010;1224866
214122;POLICY3_CLOUD;TASK_CANCELED;1245128;257132;51282;64010;1224866
214138;POLICY3_CLOUD;TASK_CONCLUDED;989285;257132;71428;64010;1024221
214397;POLICY3_CLOUD;TASK_CANCELED;1245128;257132;51282;64010;1224866
214584;POLICY3_CLOUD;TASK_CONCLUDED;989285;257132;71428;64010;1024221
214869;POLICY3_CLOUD;TASK_CONCLUDED;989285;257132;71428;64010;1024221
215269;POLICY3_CLOUD;TASK_CANCELED;1245128;257132;51282;64010;1224866
215286;POLICY3_CLOUD;TASK_CONCLUDED;989285;257132;71428;64010;1024221
215987;POLICY3_CLOUD;TASK_CONCLUDED;989285;257132;71428;64010;1024221
216404;POLICY3_CLOUD;TASK_CONCLUDED;989285;257132;71428;64010;1024221
216830;POLICY3_CLOUD;TASK_CONCLUDED;989285;257132;71428;64010;1024221
217339;POLICY3_CLOUD;TASK_CONCLUDED;989285;257132;71428;64010;1024221
218302;POLICY3_CLOUD;TASK_CONCLUDED;989285;257132;71428;64010;1024221
218635;POLICY3_CLOUD;TASK_CONCLUDED;989285;257132;71428;64010;1024221
219051;POLICY3_CLOUD;TASK_CONCLUDED;989285;257132;71428;64010;1024221
219552;POLICY3_CLOUD;TASK_CONCLUDED;989285;257132;71428;64010;1024221
219967;POLICY3_CLOUD;TASK_CONCLUDED;989285;257132;71428;64010;1024221
220376;POLICY3_CLOUD;TASK_CONCLUDED;989285;257132;71428;64010;1024221
220875;POLICY3_CLOUD;TASK_CONCLUDED;989285;257132;71428;64010;1024221
221554;POLICY3_CLOUD;TASK_CONCLUDED;989285;257132;71428;64010;1024221
221656;POLICY3_CLOUD;TASK_CONCLUDED;989285;257132;71428;64010;1024221
221834;POLICY3_CLOUD;TASK_CONCLUDED;989285;257132;71428;64010;1024221
223397;POLICY3_CLOUD;TASK_CONCLUDED;989285;257132;71428;64010;1024221
224943;POLICY3_CLOUD;TASK_CONCLUDED;989285;257132;71428;64010;1024221
225673;POLICY3_CLOUD;TASK_CONCLUDED;989285;257132;71428;64010;1024221
226303;POLICY3_CLOUD;TASK_CONCLUDED;989285;257132;71428;64010;1024221
226508;POLICY3_CLOUD;TASK_CONCLUDED;989285;257132;71428;64010;1024221
226799;POLICY3_CLOUD;TASK_CONCLUDED;989285;257132;71428;64010;1024221
227122;POLICY3_CLOUD;TASK_CONCLUDED;989285;257132;71428;64010;1024221
227276;POLICY3_CLOUD;TASK_CONCLUDED;989285;257132;71428;64010;1024221
227482;POLICY3_CLOUD;TASK_CONCLUDED;989285;257132;71428;64010;1024221
227977;POLICY3_CLOUD;TASK_CONCLUDED;989285;257132;71428;64010;1024221
228289;POLICY3_CLOUD;TASK_CONCLUDED;989285;257132;71428;64010;1024221
229462;POLICY3_CLOUD;TASK_CONCLUDED;989285;257132;71428;64010;1024221
229899;POLICY3_CLOUD;TASK_CONCLUDED;989285;257132;71428;64010;1024221
230342;POLICY3_CLOUD;TASK_CONCLUDED;989285;257132;71428;64010;1024221
231000;POLICY3_CLOUD;TASK_CONCLUDED;989285;257132;71428;64010;1024221
231227;POLICY3_CLOUD;TASK_CONCLUDED;989285;257132;71428;64010;1024221
231941;POLICY3_CLOUD;TASK_CONCLUDED;989285;257132;71428;64010;1024221
232202;POLICY3_CLOUD;TASK_CONCLUDED;989285;257132;71428;64010;1024221
232920;POLICY3_CLOUD;TASK_CONCLUDED;989285;257132;71428;64010;1024221
233114;POLICY3_CLOUD;TASK_CONCLUDED;989285;257132;71428;64010;1024221
233214;POLICY3_CLOUD;TASK_CONCLUDED;989285;257132;71428;64010;1024221
233632;POLICY3_CLOUD;TASK_CONCLUDED;989285;257132;71428;64010;1024221
234234;POLICY3_CLOUD;TASK_CONCLUDED;989285;257132;71428;64010;1024221
234263;POLICY3_CLOUD;TASK_CONCLUDED;989285;257132;71428;64010;1024221
234350;POLICY3_CLOUD;TASK_CONCLUDED;989285;257132;71428;64010;1024221
234933;POLICY3_CLOUD;TASK_CONCLUDED;989285;257132;71428;64010;1024221
298808;POLICY2_MEC;TASK_CONCLUDED;245025;140313;266666;32021;368008
298980;POLICY2_MEC;TASK_CONCLUDED;245025;140313;266666;32021;368008
299653;POLICY2_MEC;TASK_CONCLUDED;245025;140313;266666;32021;368008
299713;POLICY2_MEC;TASK_CONCLUDED;245025;140313;266666;32021;368008
300511;POLICY2_MEC;TASK_CONCLUDED;245025;140313;266666;32021;368008
301151;POLICY2_MEC;TASK_CONCLUDED;245025;140313;266666;32021;368008
301648;POLICY2_MEC;TASK_CONCLUDED;245025;140313;266666;32021;368008
302032;POLICY2_MEC;TASK_CONCLUDED;245025;140313;266666;32021;368008
302536;POLICY2_MEC;TASK_CONCLUDED;245025;140313;266666;32021;368008
303509;POLICY2_MEC;TASK_CONCLUDED;245025;140313;266666;32021;368008
304190;POLICY2_MEC;TASK_CONCLUDED;245025;140313;266666;32021;368008
304550;POLICY2_MEC;TASK_CONCLUDED;245025;140313;266666;32021;368008
304773;POLICY2_MEC;TASK_CONCLUDED;245025;140313;266666;32021;368008
305133;POLICY2_MEC;TASK_CONCLUDED;245025;140313;266666;32021;368008
305696;POLICY2_MEC;TASK_CONCLUDED;245025;140313;266666;32021;368008
305962;POLICY2_MEC;TASK_CONCLUDED;245025;140313;266666;32021;368008
306735;POLICY2_MEC;TASK_CONCLUDED;245025;140313;266666;32021;368008
307373;POLICY2_MEC;TASK_CONCLUDED;245025;140313;266666;32021;368008
307641;POLICY2_MEC;TASK_CONCLUDED;245025;140313;266666;32021;368008
307697;POLICY2_MEC;TASK_CONCLUDED;245025;140313;266666;32021;368008
307863;POLICY2_MEC;TASK_CONCLUDED;245025;140313;266666;32021;368008
308354;POLICY2_MEC;TASK_CONCLUDED;245025;140313;266666;32021;368008
308534;POLICY2_MEC;TASK_CONCLUDED;245025;140313;266666;32021;368008
308712;POLICY2_MEC;TASK_CONCLUDED;245025;140313;266666;32021;368008
309253;POLICY2_MEC;TASK_CONCLUDED;245025;140313;266666;32021;368008
309311;POLICY2_MEC;TASK_CONCLUDED;245025;140313;266666;32021;368008
309712;POLICY2_MEC;TASK_CONCLUDED;245025;140313;266666;32021;368008
309855;POLICY2_MEC;TASK_CONCLUDED;245025;140313;266666;32021;368008
310326;POLICY2_MEC;TASK_CONCLUDED;245025;140313;266666;32021;368008
310806;POLICY2_MEC;TASK_CONCLUDED;245025;140313;266666;32021;368008
310990;POLICY2_MEC;TASK_CONCLUDED;245025;140313;266666;32021;368008
311743;POLICY2_MEC;TASK_CONCLUDED;245025;140313;266666;32021;368008
312216;POLICY2_MEC;TASK_CONCLUDED;245025;140313;266666;32021;368008
312418;POLICY2_MEC;TASK_CONCLUDED;245025;140313;266666;32021;368008
312678;POLICY2_MEC;TASK_CONCLUDED;245025;140313;266666;32021;368008
312794;POLICY2_MEC;TASK_CONCLUDED;245025;140313;266666;32021;368008
313589;POLICY2_MEC;TASK_CONCLUDED;245025;140313;266666;32021;368008
313876;POLICY2_MEC;TASK_CONCLUDED;245025;140313;266666;32021;368008
314068;POLICY2_MEC;TASK_CONCLUDED;245025;140313;266666;32021;368008
314430;POLICY2_MEC;TASK_CONCLUDED;245025;140313;266666;32021;368008
