Time;Policy;Finalization Status;CPU core Energy;Transfer Energy;CPU core Time;Transfer Time;Cost
115765;POLICY3_CLOUD;TASK_CANCELED;1245128;257132;51282;64010;1224866
119709;POLICY3_CLOUD;TASK_CANCELED;1245128;257132;51282;64010;1224866
120731;POLICY3_CLOUD;TASK_CANCELED;1245128;257132;51282;64010;1224866
123142;POLICY3_CLOUD;TASK_CANCELED;1245128;257132;51282;64010;1224866
123672;POLICY3_CLOUD;TASK_CANCELED;1245128;257132;51282;64010;1224866
124769;POLICY3_CLOUD;TASK_CANCELED;1245128;257132;51282;64010;1224866
126735;POLICY3_CLOUD;TASK_CANCELED;1245128;257132;51282;64010;1224866
127914;POLICY3_CLOUD;TASK_CANCELED;1245128;257132;51282;64010;1224866
130901;POLICY3_CLOUD;TASK_CANCELED;1245128;257132;51282;64010;1224866
134499;POLICY3_CLOUD;TASK_CANCELED;1245128;257132;51282;64010;1224866
135521;POLICY3_CLOUD;TASK_CANCELED;1245128;257132;51282;64010;1224866
135819;POLICY3_CLOUD;TASK_CANCELED;1245128;257132;51282;64010;1224866
136745;POLICY3_CLOUD;TASK_CANCELED;1245128;257132;51282;64010;1224866
140213;POLICY3_CLOUD;TASK_CANCELED;1245128;257132;51282;64010;1224866
141267;POLICY3_CLOUD;TASK_CANCELED;1245128;257132;51282;64010;1224866
142141;POLICY3_CLOUD;TASK_CANCELED;1245128;257132;51282;64010;1224866
145024;POLICY3_CLOUD;TASK_CANCELED;1245128;257132;51282;64010;1224866
146533;POLICY3_CLOUD;TASK_CANCELED;1245128;257132;51282;64010;1224866
146785;POLICY3_CLOUD;TASK_CANCELED;1245128;257132;51282;64010;1224866
147852;POLICY3_CLOUD;TASK_CANCELED;1245128;257132;51282;64010;1224866
150068;POLICY3_CLOUD;TASK_CANCELED;1245128;257132;51282;64010;1224866
152357;POLICY3_CLOUD;TASK_CANCELED;1245128;257132;51282;64010;1224866
153622;POLICY3_CLOUD;TASK_CANCELED;1245128;257132;51282;64010;1224866
157779;POLICY3_CLOUD;TASK_CANCELED;1245128;257132;51282;64010;1224866
159955;POLICY3_CLOUD;TASK_CANCELED;1245128;257132;51282;64010;1224866
160232;POLICY3_CLOUD;TASK_CANCELED;1245128;257132;51282;64010;1224866
162428;POLICY3_CLOUD;TASK_CANCELED;1245128;257132;51282;64010;1224866
162561;POLICY3_CLOUD;TASK_CANCELED;1245128;257132;51282;64010;1224866
164919;POLICY3_CLOUD;TASK_CANCELED;1245128;257132;51282;64010;1224866
168531;POLICY3_CLOUD;TASK_CONCLUDED;989285;257132;71428;64010;1024221
168693;POLICY3_CLOUD;TASK_CANCELED;1245128;257132;51282;64010;1224866
171078;POLICY3_CLOUD;TASK_CONCLUDED;989285;257132;71428;64010;1024221
173040;POLICY3_CLOUD;TASK_CONCLUDED;989285;257132;71428;64010;1024221
173413;POLICY3_CLOUD;TASK_CANCELED;1245128;257132;51282;64010;1224866
174602;POLICY3_CLOUD;TASK_CANCELED;1245128;257132;51282;64010;1224866
176741;POLICY3_CLOUD;TASK_CANCELED;1245128;257132;51282;64010;1224866
176799;POLICY3_CLOUD;TASK_CONCLUDED;989285;257132;71428;64010;1024221
177008;POLICY3_CLOUD;TASK_CANCELED;1245128;257132;51282;64010;1224866
178740;POLICY3_CLOUD;TASK_CONCLUDED;989285;257132;71428;64010;1024221
179230;POLICY3_CLOUD;TASK_CANCELED;1245128;257132;51282;64010;1224866
180235;POLICY3_CLOUD;TASK_CONCLUDED;989285;257132;71428;64010;1024221
180250;POLICY3_CLOUD;TASK_CANCELED;1245128;257132;51282;64010;1224866
180469;POLICY3_CLOUD;TASK_CANCELED;1245128;257132;51282;64010;1224866
181981;POLICY3_CLOUD;TASK_CONCLUDED;989285;257132;71428;64010;1024221
182640;POLICY3_CLOUD;TASK_CONCLUDED;989285;257132;71428;64010;1024221
184227;POLICY3_CLOUD;TASK_CANCELED;1245128;257132;51282;64010;1224866
184558;POLICY3_CLOUD;TASK_CONCLUDED;989285;257132;71428;64010;1024221
184923;POLICY3_CLOUD;TASK_CANCELED;1245128;257132;51282;64010;1224866
186377;POLICY3_CLOUD;TASK_CANCELED;1245128;257132;51282;64010;1224866
186648;POLICY3_CLOUD;TASK_CONCLUDED;989285;257132;71428;64010;1024221
189520;POLICY3_CLOUD;TASK_CONCLUDED;989285;257132;71428;64010;1024221
190026;POLICY3_CLOUD;TASK_CANCELED;1245128;257132;51282;64010;1224866
192391;POLICY3_CLOUD;TASK_CANCELED;1245128;257132;51282;64010;1224866
193852;POLICY3_CLOUD;TASK_CONCLUDED;989285;257132;71428;64010;1024221
196100;POLICY3_CLOUD;TASK_CANCELED;1245128;257132;51282;64010;1224866
196230;POLICY3_CLOUD;TASK_CONCLUDED;989285;257132;71428;64010;1024221
196772;POLICY3_CLOUD;TASK_CANCELED;1245128;257132;51282;64010;1224866
196981;POLICY3_CLOUD;TASK_CONCLUDED;989285;257132;71428;64010;1024221
197189;POLICY3_CLOUD;TASK_CONCLUDED;989285;257132;71428;64010;1024221
200325;POLICY3_CLOUD;TASK_CONCLUDED;989285;257132;71428;64010;1024221
200470;POLICY3_CLOUD;TASK_CONCLUDED;989285;257132;71428;64010;1024221
200625;POLICY3_CLOUD;TASK_CONCLUDED;989285;257132;71428;64010;1024221
202870;POLICY3_CLOUD;TASK_CANCELED;1245128;257132;51282;64010;1224866
203776;POLICY3_CLOUD;TASK_CANCELED;1245128;257132;51282;64010;1224866
204545;POLICY3_CLOUD;TASK_CONCLUDED;989285;257132;71428;64010;1024221
205128;POLICY3_CLOUD;TASK_CANCELED;1245128;257132;51282;64010;1224866
205623;POLICY3_CLOUD;TASK_CONCLUDED;989285;257132;71428;64010;1024221
207719;POLICY3_CLOUD;TASK_CANCELED;1245128;257132;51282;64010;1224866
207802;POLICY3_CLOUD;TASK_CONCLUDED;989285;257132;71428;64010;1024221
210301;POLICY3_CLOUD;TASK_CANCELED;1245128;257132;51282;64010;1224866
210660;POLICY3_CLOUD;TASK_CONCLUDED;989285;257132;71428;64010;1024221
212960;POLICY3_CLOUD;TASK_CONCLUDED;989285;257132;71428;64010;1024221
214537;POLICY3_CLOUD;TASK_CANCELED;1245128;257132;51282;64010;1224866
215765;POLICY3_CLOUD;TASK_CANCELED;1245128;257132;51282;64010;1224866
216613;POLICY3_CLOUD;TASK_CONCLUDED;989285;257132;71428;64010;1024221
219601;POLICY3_CLOUD;TASK_CONCLUDED;989285;257132;71428;64010;1024221
219709;POLICY3_CLOUD;TASK_CANCELED;1245128;257132;51282;64010;1224866
220731;POLICY3_CLOUD;TASK_CANCELED;1245128;257132;51282;64010;1224866
223029;POLICY3_CLOUD;TASK_CONCLUDED;989285;257132;71428;64010;1024221
223142;POLICY3_CLOUD;TASK_CANCELED;1245128;257132;51282;64010;1224866
223672;POLICY3_CLOUD;TASK_CANCELED;1245128;257132;51282;64010;1224866
224769;POLICY3_CLOUD;TASK_CANCELED;1245128;257132;51282;64010;1224866
225077;POLICY3_CLOUD;TASK_CONCLUDED;989285;257132;71428;64010;1024221
225508;POLICY3_CLOUD;TASK_CONCLUDED;989285;257132;71428;64010;1024221
226735;POLICY3_CLOUD;TASK_CANCELED;1245128;257132;51282;64010;1224866
227914;POLICY3_CLOUD;TASK_CANCELED;1245128;257132;51282;64010;1224866
229975;POLICY3_CLOUD;TASK_CONCLUDED;989285;257132;71428;64010;1024221
230505;POLICY3_CLOUD;TASK_CONCLUDED;989285;257132;71428;64010;1024221
230901;POLICY3_CLOUD;TASK_CANCELED;1245128;257132;51282;64010;1224866
234499;POLICY3_CLOUD;TASK_CANCELED;1245128;257132;51282;64010;1224866
235521;POLICY3_CLOUD;TASK_CANCELED;1245128;257132;51282;64010;1224866
235785;POLICY3_CLOUD;TASK_CONCLUDED;989285;257132;71428;64010;1024221
235819;POLICY3_CLOUD;TASK_CANCELED;1245128;257132;51282;64010;1224866
236286;POLICY3_CLOUD;TASK_CONCLUDED;989285;257132;71428;64010;1024221
236745;POLICY3_CLOUD;TASK_CANCELED;1245128;257132;51282;64010;1224866
240213;POLICY3_CLOUD;TASK_CANCELED;1245128;257132;51282;64010;1224866
240435;POLICY3_CLOUD;TASK_CONCLUDED;989285;257132;71428;64010;1024221
241267;POLICY3_CLOUD;TASK_CANCELED;1245128;257132;51282;64010;1224866
242141;POLICY3_CLOUD;TASK_CANCELED;1245128;257132;51282;64010;1224866
242939;POLICY3_CLOUD;TASK_CONCLUDED;989285;257132;71428;64010;1024221
243763;POLICY3_CLOUD;TASK_CONCLUDED;989285;257132;71428;64010;1024221
244136;POLICY3_CLOUD;TASK_CONCLUDED;989285;257132;71428;64010;1024221
245024;POLICY3_CLOUD;TASK_CANCELED;1245128;257132;51282;64010;1224866
245413;POLICY3_CLOUD;TASK_CONCLUDED;989285;257132;71428;64010;1024221
246533;POLICY3_CLOUD;TASK_CANCELED;1245128;257132;51282;64010;1224866
246785;POLICY3_CLOUD;TASK_CANCELED;1245128;257132;51282;64010;1224866
246943;POLICY3_CLOUD;TASK_CONCLUDED;989285;257132;71428;64010;1024221
247852;POLICY3_CLOUD;TASK_CANCELED;1245128;257132;51282;64010;1224866
248187;POLICY3_CLOUD;TASK_CONCLUDED;989285;257132;71428;64010;1024221
250068;POLICY3_CLOUD;TASK_CANCELED;1245128;257132;51282;64010;1224866
252357;POLICY3_CLOUD;TASK_CANCELED;1245128;257132;51282;64010;1224866
253622;POLICY3_CLOUD;TASK_CANCELED;1245128;257132;51282;64010;1224866
254121;POLICY3_CLOUD;TASK_CONCLUDED;989285;257132;71428;64010;1024221
255020;POLICY3_CLOUD;TASK_CONCLUDED;989285;257132;71428;64010;1024221
255719;POLICY3_CLOUD;TASK_CONCLUDED;989285;257132;71428;64010;1024221
256167;POLICY3_CLOUD;TASK_CONCLUDED;989285;257132;71428;64010;1024221
257779;POLICY3_CLOUD;TASK_CANCELED;1245128;257132;51282;64010;1224866
259955;POLICY3_CLOUD;TASK_CANCELED;1245128;257132;51282;64010;1224866
260232;POLICY3_CLOUD;TASK_CANCELED;1245128;257132;51282;64010;1224866
260256;POLICY3_CLOUD;TASK_CONCLUDED;989285;257132;71428;64010;1024221
260769;POLICY3_CLOUD;TASK_CONCLUDED;989285;257132;71428;64010;1024221
261735;POLICY3_CLOUD;TASK_CONCLUDED;989285;257132;71428;64010;1024221
262428;POLICY3_CLOUD;TASK_CANCELED;1245128;257132;51282;64010;1224866
262561;POLICY3_CLOUD;TASK_CANCELED;1245128;257132;51282;64010;1224866
262675;POLICY3_CLOUD;TASK_CONCLUDED;989285;257132;71428;64010;1024221
264919;POLICY3_CLOUD;TASK_CANCELED;1245128;257132;51282;64010;1224866
265746;POLICY3_CLOUD;TASK_CONCLUDED;989285;257132;71428;64010;1024221
266920;POLICY3_CLOUD;TASK_CONCLUDED;989285;257132;71428;64010;1024221
267439;POLICY3_CLOUD;TASK_CONCLUDED;989285;257132;71428;64010;1024221
268531;POLICY3_CLOUD;TASK_CONCLUDED;989285;257132;71428;64010;1024221
268693;POLICY3_CLOUD;TASK_CANCELED;1245128;257132;51282;64010;1224866
271078;POLICY3_CLOUD;TASK_CONCLUDED;989285;257132;71428;64010;1024221
273040;POLICY3_CLOUD;TASK_CONCLUDED;989285;257132;71428;64010;1024221
273413;POLICY3_CLOUD;TASK_CANCELED;1245128;257132;51282;64010;1224866
274602;POLICY3_CLOUD;TASK_CANCELED;1245128;257132;51282;64010;1224866
276741;POLICY3_CLOUD;TASK_CANCELED;1245128;257132;51282;64010;1224866
276799;POLICY3_CLOUD;TASK_CONCLUDED;989285;257132;71428;64010;1024221
277008;POLICY3_CLOUD;TASK_CANCELED;1245128;257132;51282;64010;1224866
278740;POLICY3_CLOUD;TASK_CONCLUDED;989285;257132;71428;64010;1024221
279230;POLICY3_CLOUD;TASK_CANCELED;1245128;257132;51282;64010;1224866
280235;POLICY3_CLOUD;TASK_CONCLUDED;989285;257132;71428;64010;1024221
280250;POLICY3_CLOUD;TASK_CANCELED;1245128;257132;51282;64010;1224866
280469;POLICY3_CLOUD;TASK_CANCELED;1245128;257132;51282;64010;1224866
281981;POLICY3_CLOUD;TASK_CONCLUDED;989285;257132;71428;64010;1024221
282640;POLICY3_CLOUD;TASK_CONCLUDED;989285;257132;71428;64010;1024221
284227;POLICY3_CLOUD;TASK_CANCELED;1245128;257132;51282;64010;1224866
284558;POLICY3_CLOUD;TASK_CONCLUDED;989285;257132;71428;64010;1024221
284923;POLICY3_CLOUD;TASK_CANCELED;1245128;257132;51282;64010;1224866
286377;POLICY3_CLOUD;TASK_CANCELED;1245128;257132;51282;64010;1224866
286648;POLICY3_CLOUD;TASK_CONCLUDED;989285;257132;71428;64010;1024221
289520;POLICY3_CLOUD;TASK_CONCLUDED;989285;257132;71428;64010;1024221
290026;POLICY3_CLOUD;TASK_CANCELED;1245128;257132;51282;64010;1224866
292391;POLICY3_CLOUD;TASK_CANCELED;1245128;257132;51282;64010;1224866
293852;POLICY3_CLOUD;TASK_CONCLUDED;989285;257132;71428;64010;1024221
296100;POLICY3_CLOUD;TASK_CANCELED;1245128;257132;51282;64010;1224866
296230;POLICY3_CLOUD;TASK_CONCLUDED;989285;257132;71428;64010;1024221
296772;POLICY3_CLOUD;TASK_CANCELED;1245128;257132;51282;64010;1224866
296981;POLICY3_CLOUD;TASK_CONCLUDED;989285;257132;71428;64010;1024221
297189;POLICY3_CLOUD;TASK_CONCLUDED;989285;257132;71428;64010;1024221
299034;POLICY2_MEC;TASK_CONCLUDED;245025;140313;266666;32021;368008
299535;POLICY2_MEC;TASK_CONCLUDED;245025;140313;266666;32021;368008
300325;POLICY3_CLOUD;TASK_CONCLUDED;989285;257132;71428;64010;1024221
300470;POLICY3_CLOUD;TASK_CONCLUDED;989285;257132;71428;64010;1024221
300625;POLICY3_CLOUD;TASK_CONCLUDED;989285;257132;71428;64010;1024221
302870;POLICY3_CLOUD;TASK_CANCELED;1245128;257132;51282;64010;1224866
303684;POLICY2_MEC;TASK_CONCLUDED;245025;140313;266666;32021;368008
303776;POLICY3_CLOUD;TASK_CANCELED;1245128;257132;51282;64010;1224866
304545;POLICY3_CLOUD;TASK_CONCLUDED;989285;257132;71428;64010;1024221
305128;POLICY3_CLOUD;TASK_CANCELED;1245128;257132;51282;64010;1224866
305623;POLICY3_CLOUD;TASK_CONCLUDED;989285;257132;71428;64010;1024221
306188;POLICY2_MEC;TASK_CONCLUDED;245025;140313;266666;32021;368008
307012;POLICY2_MEC;TASK_CONCLUDED;245025;140313;266666;32021;368008
307385;POLICY2_MEC;TASK_CONCLUDED;245025;140313;266666;32021;368008
307719;POLICY3_CLOUD;TASK_CANCELED;1245128;257132;51282;64010;1224866
307802;POLICY3_CLOUD;TASK_CONCLUDED;989285;257132;71428;64010;1024221
308662;POLICY2_MEC;TASK_CONCLUDED;245025;140313;266666;32021;368008
310192;POLICY2_MEC;TASK_CONCLUDED;245025;140313;266666;32021;368008
310301;POLICY3_CLOUD;TASK_CANCELED;1245128;257132;51282;64010;1224866
310660;POLICY3_CLOUD;TASK_CONCLUDED;989285;257132;71428;64010;1024221
311436;POLICY2_MEC;TASK_CONCLUDED;245025;140313;266666;32021;368008
312960;POLICY3_CLOUD;TASK_CONCLUDED;989285;257132;71428;64010;1024221
314537;POLICY3_CLOUD;TASK_CANCELED;1245128;257132;51282;64010;1224866
315765;POLICY3_CLOUD;TASK_CANCELED;1245128;257132;51282;64010;1224866
316613;POLICY3_CLOUD;TASK_CONCLUDED;989285;257132;71428;64010;1024221
317370;POLICY2_MEC;TASK_CONCLUDED;245025;140313;266666;32021;368008
318269;POLICY2_MEC;TASK_CONCLUDED;245025;140313;266666;32021;368008
318968;POLICY2_MEC;TASK_CONCLUDED;245025;140313;266666;32021;368008
319416;POLICY2_MEC;TASK_CONCLUDED;245025;140313;266666;32021;368008
319601;POLICY3_CLOUD;TASK_CONCLUDED;989285;257132;71428;64010;1024221
319709;POLICY3_CLOUD;TASK_CANCELED;1245128;257132;51282;64010;1224866
320731;POLICY3_CLOUD;TASK_CANCELED;1245128;257132;51282;64010;1224866
323029;POLICY3_CLOUD;TASK_CONCLUDED;989285;257132;71428;64010;1024221
323142;POLICY3_CLOUD;TASK_CANCELED;1245128;257132;51282;64010;1224866
323505;POLICY2_MEC;TASK_CONCLUDED;245025;140313;266666;32021;368008
323672;POLICY3_CLOUD;TASK_CANCELED;1245128;257132;51282;64010;1224866
324018;POLICY2_MEC;TASK_CONCLUDED;245025;140313;266666;32021;368008
324769;POLICY3_CLOUD;TASK_CANCELED;1245128;257132;51282;64010;1224866
324984;POLICY2_MEC;TASK_CONCLUDED;245025;140313;266666;32021;368008
325077;POLICY3_CLOUD;TASK_CONCLUDED;989285;257132;71428;64010;1024221
325508;POLICY3_CLOUD;TASK_CONCLUDED;989285;257132;71428;64010;1024221
325924;POLICY2_MEC;TASK_CONCLUDED;245025;140313;266666;32021;368008
326735;POLICY3_CLOUD;TASK_CANCELED;1245128;257132;51282;64010;1224866
327914;POLICY3_CLOUD;TASK_CANCELED;1245128;257132;51282;64010;1224866
328995;POLICY2_MEC;TASK_CONCLUDED;245025;140313;266666;32021;368008
329975;POLICY3_CLOUD;TASK_CONCLUDED;989285;257132;71428;64010;1024221
330169;POLICY2_MEC;TASK_CONCLUDED;245025;140313;266666;32021;368008
330505;POLICY3_CLOUD;TASK_CONCLUDED;989285;257132;71428;64010;1024221
330688;POLICY2_MEC;TASK_CONCLUDED;245025;140313;266666;32021;368008
330901;POLICY3_CLOUD;TASK_CANCELED;1245128;257132;51282;64010;1224866
334499;POLICY3_CLOUD;TASK_CANCELED;1245128;257132;51282;64010;1224866
335521;POLICY3_CLOUD;TASK_CANCELED;1245128;257132;51282;64010;1224866
335785;POLICY3_CLOUD;TASK_CONCLUDED;989285;257132;71428;64010;1024221
335819;POLICY3_CLOUD;TASK_CANCELED;1245128;257132;51282;64010;1224866
336286;POLICY3_CLOUD;TASK_CONCLUDED;989285;257132;71428;64010;1024221
336745;POLICY3_CLOUD;TASK_CANCELED;1245128;257132;51282;64010;1224866
340213;POLICY3_CLOUD;TASK_CANCELED;1245128;257132;51282;64010;1224866
340435;POLICY3_CLOUD;TASK_CONCLUDED;989285;257132;71428;64010;1024221
341267;POLICY3_CLOUD;TASK_CANCELED;1245128;257132;51282;64010;1224866
342141;POLICY3_CLOUD;TASK_CANCELED;1245128;257132;51282;64010;1224866
342939;POLICY3_CLOUD;TASK_CONCLUDED;989285;257132;71428;64010;1024221
343763;POLICY3_CLOUD;TASK_CONCLUDED;989285;257132;71428;64010;1024221
344136;POLICY3_CLOUD;TASK_CONCLUDED;989285;257132;71428;64010;1024221
345024;POLICY3_CLOUD;TASK_CANCELED;1245128;257132;51282;64010;1224866
345413;POLICY3_CLOUD;TASK_CONCLUDED;989285;257132;71428;64010;1024221
346533;POLICY3_CLOUD;TASK_CANCELED;1245128;257132;51282;64010;1224866
346785;POLICY3_CLOUD;TASK_CANCELED;1245128;257132;51282;64010;1224866
346943;POLICY3_CLOUD;TASK_CONCLUDED;989285;257132;71428;64010;1024221
347852;POLICY3_CLOUD;TASK_CANCELED;1245128;257132;51282;64010;1224866
348187;POLICY3_CLOUD;TASK_CONCLUDED;989285;257132;71428;64010;1024221
350068;POLICY3_CLOUD;TASK_CANCELED;1245128;257132;51282;64010;1224866
352357;POLICY3_CLOUD;TASK_CANCELED;1245128;257132;51282;64010;1224866
353622;POLICY3_CLOUD;TASK_CANCELED;1245128;257132;51282;64010;1224866
354121;POLICY3_CLOUD;TASK_CONCLUDED;989285;257132;71428;64010;1024221
355020;POLICY3_CLOUD;TASK_CONCLUDED;989285;257132;71428;64010;1024221
355719;POLICY3_CLOUD;TASK_CONCLUDED;989285;257132;71428;64010;1024221
356167;POLICY3_CLOUD;TASK_CONCLUDED;989285;257132;71428;64010;1024221
357779;POLICY3_CLOUD;TASK_CANCELED;1245128;257132;51282;64010;1224866
359955;POLICY3_CLOUD;TASK_CANCELED;1245128;257132;51282;64010;1224866
360232;POLICY3_CLOUD;TASK_CANCELED;1245128;257132;51282;64010;1224866
360256;POLICY3_CLOUD;TASK_CONCLUDED;989285;257132;71428;64010;1024221
360769;POLICY3_CLOUD;TASK_CONCLUDED;989285;257132;71428;64010;1024221
361735;POLICY3_CLOUD;TASK_CONCLUDED;989285;257132;71428;64010;1024221
362428;POLICY3_CLOUD;TASK_CANCELED;1245128;257132;51282;64010;1224866
362561;POLICY3_CLOUD;TASK_CANCELED;1245128;257132;51282;64010;1224866
362675;POLICY3_CLOUD;TASK_CONCLUDED;989285;257132;71428;64010;1024221
364919;POLICY3_CLOUD;TASK_CANCELED;1245128;257132;51282;64010;1224866
365746;POLICY3_CLOUD;TASK_CONCLUDED;989285;257132;71428;64010;1024221
366920;POLICY3_CLOUD;TASK_CONCLUDED;989285;257132;71428;64010;1024221
367439;POLICY3_CLOUD;TASK_CONCLUDED;989285;257132;71428;64010;1024221
368531;POLICY3_CLOUD;TASK_CONCLUDED;989285;257132;71428;64010;1024221
368693;POLICY3_CLOUD;TASK_CANCELED;1245128;257132;51282;64010;1224866
371078;POLICY3_CLOUD;TASK_CONCLUDED;989285;257132;71428;64010;1024221
373040;POLICY3_CLOUD;TASK_CONCLUDED;989285;257132;71428;64010;1024221
373413;POLICY3_CLOUD;TASK_CANCELED;1245128;257132;51282;64010;1224866
374602;POLICY3_CLOUD;TASK_CANCELED;1245128;257132;51282;64010;1224866
376741;POLICY3_CLOUD;TASK_CANCELED;1245128;257132;51282;64010;1224866
376799;POLICY3_CLOUD;TASK_CONCLUDED;989285;257132;71428;64010;1024221
377008;POLICY3_CLOUD;TASK_CANCELED;1245128;257132;51282;64010;1224866
378740;POLICY3_CLOUD;TASK_CONCLUDED;989285;257132;71428;64010;1024221
379230;POLICY3_CLOUD;TASK_CANCELED;1245128;257132;51282;64010;1224866
380235;POLICY3_CLOUD;TASK_CONCLUDED;989285;257132;71428;64010;1024221
380250;POLICY3_CLOUD;TASK_CANCELED;1245128;257132;51282;64010;1224866
380469;POLICY3_CLOUD;TASK_CANCELED;1245128;257132;51282;64010;1224866
381981;POLICY3_CLOUD;TASK_CONCLUDED;989285;257132;71428;64010;1024221
382640;POLICY3_CLOUD;TASK_CONCLUDED;989285;257132;71428;64010;1024221
384227;POLICY3_CLOUD;TASK_CANCELED;1245128;257132;51282;64010;1224866
384558;POLICY3_CLOUD;TASK_CONCLUDED;989285;257132;71428;64010;1024221
384923;POLICY3_CLOUD;TASK_CANCELED;1245128;257132;51282;64010;1224866
386377;POLICY3_CLOUD;TASK_CANCELED;1245128;257132;51282;64010;1224866
386648;POLICY3_CLOUD;TASK_CONCLUDED;989285;257132;71428;64010;1024221
389520;POLICY3_CLOUD;TASK_CONCLUDED;989285;257132;71428;64010;1024221
390026;POLICY3_CLOUD;TASK_CANCELED;1245128;257132;51282;64010;1224866
392391;POLICY3_CLOUD;TASK_CANCELED;1245128;257132;51282;64010;1224866
393852;POLICY3_CLOUD;TASK_CONCLUDED;989285;257132;71428;64010;1024221
396100;POLICY3_CLOUD;TASK_CANCELED;1245128;257132;51282;64010;1224866
396230;POLICY3_CLOUD;TASK_CONCLUDED;989285;257132;71428;64010;1024221
396772;POLICY3_CLOUD;TASK_CANCELED;1245128;257132;51282;64010;1224866
396981;POLICY3_CLOUD;TASK_CONCLUDED;989285;257132;71428;64010;1024221
397189;POLICY3_CLOUD;TASK_CONCLUDED;989285;257132;71428;64010;1024221
400325;POLICY3_CLOUD;TASK_CONCLUDED;989285;257132;71428;64010;1024221
400470;POLICY3_CLOUD;TASK_CONCLUDED;989285;257132;71428;64010;1024221
400625;POLICY3_CLOUD;TASK_CONCLUDED;989285;257132;71428;64010;1024221
402870;POLICY3_CLOUD;TASK_CANCELED;1245128;257132;51282;64010;1224866
403776;POLICY3_CLOUD;TASK_CANCELED;1245128;257132;51282;64010;1224866
404545;POLICY3_CLOUD;TASK_CONCLUDED;989285;257132;71428;64010;1024221
405128;POLICY3_CLOUD;TASK_CANCELED;1245128;257132;51282;64010;1224866
405623;POLICY3_CLOUD;TASK_CONCLUDED;989285;257132;71428;64010;1024221
407719;POLICY3_CLOUD;TASK_CANCELED;1245128;257132;51282;64010;1224866
407802;POLICY3_CLOUD;TASK_CONCLUDED;989285;257132;71428;64010;1024221
410301;POLICY3_CLOUD;TASK_CANCELED;1245128;257132;51282;64010;1224866
410660;POLICY3_CLOUD;TASK_CONCLUDED;989285;257132;71428;64010;1024221
412960;POLICY3_CLOUD;TASK_CONCLUDED;989285;257132;71428;64010;1024221
414537;POLICY3_CLOUD;TASK_CANCELED;1245128;257132;51282;64010;1224866
415765;POLICY3_CLOUD;TASK_CANCELED;1245128;257132;51282;64010;1224866
416613;POLICY3_CLOUD;TASK_CONCLUDED;989285;257132;71428;64010;1024221
419601;POLICY3_CLOUD;TASK_CONCLUDED;989285;257132;71428;64010;1024221
419709;POLICY3_CLOUD;TASK_CANCELED;1245128;257132;51282;64010;1224866
420731;POLICY3_CLOUD;TASK_CANCELED;1245128;257132;51282;64010;1224866
423029;POLICY3_CLOUD;TASK_CONCLUDED;989285;257132;71428;64010;1024221
423142;POLICY3_CLOUD;TASK_CANCELED;1245128;257132;51282;64010;1224866
423672;POLICY3_CLOUD;TASK_CANCELED;1245128;257132;51282;64010;1224866
424769;POLICY3_CLOUD;TASK_CANCELED;1245128;257132;51282;64010;1224866
425077;POLICY3_CLOUD;TASK_CONCLUDED;989285;257132;71428;64010;1024221
425508;POLICY3_CLOUD;TASK_CONCLUDED;989285;257132;71428;64010;1024221
426735;POLICY3_CLOUD;TASK_CANCELED;1245128;257132;51282;64010;1224866
427914;POLICY3_CLOUD;TASK_CANCELED;1245128;257132;51282;64010;1224866
429975;POLICY3_CLOUD;TASK_CONCLUDED;989285;257132;71428;64010;1024221
430505;POLICY3_CLOUD;TASK_CONCLUDED;989285;257132;71428;64010;1024221
430901;POLICY3_CLOUD;TASK_CANCELED;1245128;257132;51282;64010;1224866
434499;POLICY3_CLOUD;TASK_CANCELED;1245128;257132;51282;64010;1224866
435521;POLICY3_CLOUD;TASK_CANCELED;1245128;257132;51282;64010;1224866
435819;POLICY3_CLOUD;TASK_CANCELED;1245128;257132;51282;64010;1224866
436745;POLICY3_CLOUD;TASK_CANCELED;1245128;257132;51282;64010;1224866
440213;POLICY3_CLOUD;TASK_CANCELED;1245128;257132;51282;64010;1224866
441267;POLICY3_CLOUD;TASK_CANCELED;1245128;257132;51282;64010;1224866
442141;POLICY3_CLOUD;TASK_CANCELED;1245128;257132;51282;64010;1224866
445024;POLICY3_CLOUD;TASK_CANCELED;1245128;257132;51282;64010;1224866
446533;POLICY3_CLOUD;TASK_CANCELED;1245128;257132;51282;64010;1224866
446785;POLICY3_CLOUD;TASK_CANCELED;1245128;257132;51282;64010;1224866
447852;POLICY3_CLOUD;TASK_CANCELED;1245128;257132;51282;64010;1224866
450068;POLICY3_CLOUD;TASK_CANCELED;1245128;257132;51282;64010;1224866
452357;POLICY3_CLOUD;TASK_CANCELED;1245128;257132;51282;64010;1224866
453622;POLICY3_CLOUD;TASK_CANCELED;1245128;257132;51282;64010;1224866
457779;POLICY3_CLOUD;TASK_CANCELED;1245128;257132;51282;64010;1224866
459955;POLICY3_CLOUD;TASK_CANCELED;1245128;257132;51282;64010;1224866
460232;POLICY3_CLOUD;TASK_CANCELED;1245128;257132;51282;64010;1224866
462428;POLICY3_CLOUD;TASK_CANCELED;1245128;257132;51282;64010;1224866
462561;POLICY3_CLOUD;TASK_CANCELED;1245128;257132;51282;64010;1224866
464919;POLICY3_CLOUD;TASK_CANCELED;1245128;257132;51282;64010;1224866
468531;POLICY3_CLOUD;TASK_CONCLUDED;989285;257132;71428;64010;1024221
468693;POLICY3_CLOUD;TASK_CANCELED;1245128;257132;51282;64010;1224866
471078;POLICY3_CLOUD;TASK_CONCLUDED;989285;257132;71428;64010;1024221
473040;POLICY3_CLOUD;TASK_CONCLUDED;989285;257132;71428;64010;1024221
473413;POLICY3_CLOUD;TASK_CANCELED;1245128;257132;51282;64010;1224866
474602;POLICY3_CLOUD;TASK_CANCELED;1245128;257132;51282;64010;1224866
476741;POLICY3_CLOUD;TASK_CANCELED;1245128;257132;51282;64010;1224866
476799;POLICY3_CLOUD;TASK_CONCLUDED;989285;257132;71428;64010;1024221
477008;POLICY3_CLOUD;TASK_CANCELED;1245128;257132;51282;64010;1224866
478740;POLICY3_CLOUD;TASK_CONCLUDED;989285;257132;71428;64010;1024221
479230;POLICY3_CLOUD;TASK_CANCELED;1245128;257132;51282;64010;1224866
480235;POLICY3_CLOUD;TASK_CONCLUDED;989285;257132;71428;64010;1024221
480250;POLICY3_CLOUD;TASK_CANCELED;1245128;257132;51282;64010;1224866
480469;POLICY3_CLOUD;TASK_CANCELED;1245128;257132;51282;64010;1224866
481981;POLICY3_CLOUD;TASK_CONCLUDED;989285;257132;71428;64010;1024221
482640;POLICY3_CLOUD;TASK_CONCLUDED;989285;257132;71428;64010;1024221
484227;POLICY3_CLOUD;TASK_CANCELED;1245128;257132;51282;64010;1224866
484558;POLICY3_CLOUD;TASK_CONCLUDED;989285;257132;71428;64010;1024221
484923;POLICY3_CLOUD;TASK_CANCELED;1245128;257132;51282;64010;1224866
486377;POLICY3_CLOUD;TASK_CANCELED;1245128;257132;51282;64010;1224866
486648;POLICY3_CLOUD;TASK_CONCLUDED;989285;257132;71428;64010;1024221
489520;POLICY3_CLOUD;TASK_CONCLUDED;989285;257132;71428;64010;1024221
490026;POLICY3_CLOUD;TASK_CANCELED;1245128;257132;51282;64010;1224866
492391;POLICY3_CLOUD;TASK_CANCELED;1245128;257132;51282;64010;1224866
493852;POLICY3_CLOUD;TASK_CONCLUDED;989285;257132;71428;64010;1024221
496100;POLICY3_CLOUD;TASK_CANCELED;1245128;257132;51282;64010;1224866
496230;POLICY3_CLOUD;TASK_CONCLUDED;989285;257132;71428;64010;1024221
496772;POLICY3_CLOUD;TASK_CANCELED;1245128;257132;51282;64010;1224866
496981;POLICY3_CLOUD;TASK_CONCLUDED;989285;257132;71428;64010;1024221
497189;POLICY3_CLOUD;TASK_CONCLUDED;989285;257132;71428;64010;1024221
500325;POLICY3_CLOUD;TASK_CONCLUDED;989285;257132;71428;64010;1024221
500470;POLICY3_CLOUD;TASK_CONCLUDED;989285;257132;71428;64010;1024221
500625;POLICY3_CLOUD;TASK_CONCLUDED;989285;257132;71428;64010;1024221
502870;POLICY3_CLOUD;TASK_CANCELED;1245128;257132;51282;64010;1224866
503776;POLICY3_CLOUD;TASK_CANCELED;1245128;257132;51282;64010;1224866
504545;POLICY3_CLOUD;TASK_CONCLUDED;989285;257132;71428;64010;1024221
505128;POLICY3_CLOUD;TASK_CANCELED;1245128;257132;51282;64010;1224866
505623;POLICY3_CLOUD;TASK_CONCLUDED;989285;257132;71428;64010;1024221
507719;POLICY3_CLOUD;TASK_CANCELED;1245128;257132;51282;64010;1224866
507802;POLICY3_CLOUD;TASK_CONCLUDED;989285;257132;71428;64010;1024221
510301;POLICY3_CLOUD;TASK_CANCELED;1245128;257132;51282;64010;1224866
510660;POLICY3_CLOUD;TASK_CONCLUDED;989285;257132;71428;64010;1024221
512960;POLICY3_CLOUD;TASK_CONCLUDED;989285;257132;71428;64010;1024221
514537;POLICY3_CLOUD;TASK_CANCELED;1245128;257132;51282;64010;1224866
515765;POLICY3_CLOUD;TASK_CANCELED;1245128;257132;51282;64010;1224866
516613;POLICY3_CLOUD;TASK_CONCLUDED;989285;257132;71428;64010;1024221
519601;POLICY3_CLOUD;TASK_CONCLUDED;989285;257132;71428;64010;1024221
519709;POLICY3_CLOUD;TASK_CANCELED;1245128;257132;51282;64010;1224866
520731;POLICY3_CLOUD;TASK_CANCELED;1245128;257132;51282;64010;1224866
523029;POLICY3_CLOUD;TASK_CONCLUDED;989285;257132;71428;64010;1024221
523142;POLICY3_CLOUD;TASK_CANCELED;1245128;257132;51282;64010;1224866
523672;POLICY3_CLOUD;TASK_CANCELED;1245128;257132;51282;64010;1224866
524769;POLICY3_CLOUD;TASK_CANCELED;1245128;257132;51282;64010;1224866
525077;POLICY3_CLOUD;TASK_CONCLUDED;989285;257132;71428;64010;1024221
525508;POLICY3_CLOUD;TASK_CONCLUDED;989285;257132;71428;64010;1024221
526735;POLICY3_CLOUD;TASK_CANCELED;1245128;257132;51282;64010;1224866
527914;POLICY3_CLOUD;TASK_CANCELED;1245128;257132;51282;64010;1224866
529975;POLICY3_CLOUD;TASK_CONCLUDED;989285;257132;71428;64010;1024221
530505;POLICY3_CLOUD;TASK_CONCLUDED;989285;257132;71428;64010;1024221
530901;POLICY3_CLOUD;TASK_CANCELED;1245128;257132;51282;64010;1224866
534499;POLICY3_CLOUD;TASK_CANCELED;1245128;257132;51282;64010;1224866
535521;POLICY3_CLOUD;TASK_CANCELED;1245128;257132;51282;64010;1224866
535785;POLICY3_CLOUD;TASK_CONCLUDED;989285;257132;71428;64010;1024221
535819;POLICY3_CLOUD;TASK_CANCELED;1245128;257132;51282;64010;1224866
536286;POLICY3_CLOUD;TASK_CONCLUDED;989285;257132;71428;64010;1024221
536745;POLICY3_CLOUD;TASK_CANCELED;1245128;257132;51282;64010;1224866
540213;POLICY3_CLOUD;TASK_CANCELED;1245128;257132;51282;64010;1224866
540435;POLICY3_CLOUD;TASK_CONCLUDED;989285;257132;71428;64010;1024221
541267;POLICY3_CLOUD;TASK_CANCELED;1245128;257132;51282;64010;1224866
542141;POLICY3_CLOUD;TASK_CANCELED;1245128;257132;51282;64010;1224866
542939;POLICY3_CLOUD;TASK_CONCLUDED;989285;257132;71428;64010;1024221
543763;POLICY3_CLOUD;TASK_CONCLUDED;989285;257132;71428;64010;1024221
544136;POLICY3_CLOUD;TASK_CONCLUDED;989285;257132;71428;64010;1024221
545024;POLICY3_CLOUD;TASK_CANCELED;1245128;257132;51282;64010;1224866
545413;POLICY3_CLOUD;TASK_CONCLUDED;989285;257132;71428;64010;1024221
546533;POLICY3_CLOUD;TASK_CANCELED;1245128;257132;51282;64010;1224866
546785;POLICY3_CLOUD;TASK_CANCELED;1245128;257132;51282;64010;1224866
546943;POLICY3_CLOUD;TASK_CONCLUDED;989285;257132;71428;64010;1024221
547852;POLICY3_CLOUD;TASK_CANCELED;1245128;257132;51282;64010;1224866
548187;POLICY3_CLOUD;TASK_CONCLUDED;989285;257132;71428;64010;1024221
550068;POLICY3_CLOUD;TASK_CANCELED;1245128;257132;51282;64010;1224866
552357;POLICY3_CLOUD;TASK_CANCELED;1245128;257132;51282;64010;1224866
553622;POLICY3_CLOUD;TASK_CANCELED;1245128;257132;51282;64010;1224866
554121;POLICY3_CLOUD;TASK_CONCLUDED;989285;257132;71428;64010;1024221
555020;POLICY3_CLOUD;TASK_CONCLUDED;989285;257132;71428;64010;1024221
555719;POLICY3_CLOUD;TASK_CONCLUDED;989285;257132;71428;64010;1024221
556167;POLICY3_CLOUD;TASK_CONCLUDED;989285;257132;71428;64010;1024221
557779;POLICY3_CLOUD;TASK_CANCELED;1245128;257132;51282;64010;1224866
559955;POLICY3_CLOUD;TASK_CANCELED;1245128;257132;51282;64010;1224866
560232;POLICY3_CLOUD;TASK_CANCELED;1245128;257132;51282;64010;1224866
560256;POLICY3_CLOUD;TASK_CONCLUDED;989285;257132;71428;64010;1024221
560769;POLICY3_CLOUD;TASK_CONCLUDED;989285;257132;71428;64010;1024221
561735;POLICY3_CLOUD;TASK_CONCLUDED;989285;257132;71428;64010;1024221
562428;POLICY3_CLOUD;TASK_CANCELED;1245128;257132;51282;64010;1224866
562561;POLICY3_CLOUD;TASK_CANCELED;1245128;257132;51282;64010;1224866
562675;POLICY3_CLOUD;TASK_CONCLUDED;989285;257132;71428;64010;1024221
564919;POLICY3_CLOUD;TASK_CANCELED;1245128;257132;51282;64010;1224866
565746;POLICY3_CLOUD;TASK_CONCLUDED;989285;257132;71428;64010;1024221
566920;POLICY3_CLOUD;TASK_CONCLUDED;989285;257132;71428;64010;1024221
567439;POLICY3_CLOUD;TASK_CONCLUDED;989285;257132;71428;64010;1024221
568531;POLICY3_CLOUD;TASK_CONCLUDED;989285;257132;71428;64010;1024221
568693;POLICY3_CLOUD;TASK_CANCELED;1245128;257132;51282;64010;1224866
571078;POLICY3_CLOUD;TASK_CONCLUDED;989285;257132;71428;64010;1024221
573040;POLICY3_CLOUD;TASK_CONCLUDED;989285;257132;71428;64010;1024221
573413;POLICY3_CLOUD;TASK_CANCELED;1245128;257132;51282;64010;1224866
574602;POLICY3_CLOUD;TASK_CANCELED;1245128;257132;51282;64010;1224866
576741;POLICY3_CLOUD;TASK_CANCELED;1245128;257132;51282;64010;1224866
576799;POLICY3_CLOUD;TASK_CONCLUDED;989285;257132;71428;64010;1024221
577008;POLICY3_CLOUD;TASK_CANCELED;1245128;257132;51282;64010;1224866
578740;POLICY3_CLOUD;TASK_CONCLUDED;989285;257132;71428;64010;1024221
579230;POLICY3_CLOUD;TASK_CANCELED;1245128;257132;51282;64010;1224866
580235;POLICY3_CLOUD;TASK_CONCLUDED;989285;257132;71428;64010;1024221
580250;POLICY3_CLOUD;TASK_CANCELED;1245128;257132;51282;64010;1224866
580469;POLICY3_CLOUD;TASK_CANCELED;1245128;257132;51282;64010;1224866
581981;POLICY3_CLOUD;TASK_CONCLUDED;989285;257132;71428;64010;1024221
582640;POLICY3_CLOUD;TASK_CONCLUDED;989285;257132;71428;64010;1024221
584227;POLICY3_CLOUD;TASK_CANCELED;1245128;257132;51282;64010;1224866
584558;POLICY3_CLOUD;TASK_CONCLUDED;989285;257132;71428;64010;1024221
584923;POLICY3_CLOUD;TASK_CANCELED;1245128;257132;51282;64010;1224866
586377;POLICY3_CLOUD;TASK_CANCELED;1245128;257132;51282;64010;1224866
586648;POLICY3_CLOUD;TASK_CONCLUDED;989285;257132;71428;64010;1024221
589520;POLICY3_CLOUD;TASK_CONCLUDED;989285;257132;71428;64010;1024221
590026;POLICY3_CLOUD;TASK_CANCELED;1245128;257132;51282;64010;1224866
592391;POLICY3_CLOUD;TASK_CANCELED;1245128;257132;51282;64010;1224866
593852;POLICY3_CLOUD;TASK_CONCLUDED;989285;257132;71428;64010;1024221
596100;POLICY3_CLOUD;TASK_CANCELED;1245128;257132;51282;64010;1224866
596230;POLICY3_CLOUD;TASK_CONCLUDED;989285;257132;71428;64010;1024221
596772;POLICY3_CLOUD;TASK_CANCELED;1245128;257132;51282;64010;1224866
596981;POLICY3_CLOUD;TASK_CONCLUDED;989285;257132;71428;64010;1024221
597189;POLICY3_CLOUD;TASK_CONCLUDED;989285;257132;71428;64010;1024221
599034;POLICY2_MEC;TASK_CONCLUDED;245025;140313;266666;32021;368008
599535;POLICY2_MEC;TASK_CONCLUDED;245025;140313;266666;32021;368008
600325;POLICY3_CLOUD;TASK_CONCLUDED;989285;257132;71428;64010;1024221
600470;POLICY3_CLOUD;TASK_CONCLUDED;989285;257132;71428;64010;1024221
600625;POLICY3_CLOUD;TASK_CONCLUDED;989285;257132;71428;64010;1024221
602870;POLICY3_CLOUD;TASK_CANCELED;1245128;257132;51282;64010;1224866
603684;POLICY2_MEC;TASK_CONCLUDED;245025;140313;266666;32021;368008
603776;POLICY3_CLOUD;TASK_CANCELED;1245128;257132;51282;64010;1224866
604545;POLICY3_CLOUD;TASK_CONCLUDED;989285;257132;71428;64010;1024221
605128;POLICY3_CLOUD;TASK_CANCELED;1245128;257132;51282;64010;1224866
605623;POLICY3_CLOUD;TASK_CONCLUDED;989285;257132;71428;64010;1024221
606188;POLICY2_MEC;TASK_CONCLUDED;245025;140313;266666;32021;368008
607012;POLICY2_MEC;TASK_CONCLUDED;245025;140313;266666;32021;368008
607385;POLICY2_MEC;TASK_CONCLUDED;245025;140313;266666;32021;368008
607719;POLICY3_CLOUD;TASK_CANCELED;1245128;257132;51282;64010;1224866
607802;POLICY3_CLOUD;TASK_CONCLUDED;989285;257132;71428;64010;1024221
608662;POLICY2_MEC;TASK_CONCLUDED;245025;140313;266666;32021;368008
610192;POLICY2_MEC;TASK_CONCLUDED;245025;140313;266666;32021;368008
610301;POLICY3_CLOUD;TASK_CANCELED;1245128;257132;51282;64010;1224866
610660;POLICY3_CLOUD;TASK_CONCLUDED;989285;257132;71428;64010;1024221
611436;POLICY2_MEC;TASK_CONCLUDED;245025;140313;266666;32021;368008
612960;POLICY3_CLOUD;TASK_CONCLUDED;989285;257132;71428;64010;1024221
614537;POLICY3_CLOUD;TASK_CANCELED;1245128;257132;51282;64010;1224866
616613;POLICY3_CLOUD;TASK_CONCLUDED;989285;257132;71428;64010;1024221
617370;POLICY2_MEC;TASK_CONCLUDED;245025;140313;266666;32021;368008
618269;POLICY2_MEC;TASK_CONCLUDED;245025;140313;266666;32021;368008
618968;POLICY2_MEC;TASK_CONCLUDED;245025;140313;266666;32021;368008
619416;POLICY2_MEC;TASK_CONCLUDED;245025;140313;266666;32021;368008
619601;POLICY3_CLOUD;TASK_CONCLUDED;989285;257132;71428;64010;1024221
623029;POLICY3_CLOUD;TASK_CONCLUDED;989285;257132;71428;64010;1024221
623505;POLICY2_MEC;TASK_CONCLUDED;245025;140313;266666;32021;368008
624018;POLICY2_MEC;TASK_CONCLUDED;245025;140313;266666;32021;368008
624984;POLICY2_MEC;TASK_CONCLUDED;245025;140313;266666;32021;368008
625077;POLICY3_CLOUD;TASK_CONCLUDED;989285;257132;71428;64010;1024221
625508;POLICY3_CLOUD;TASK_CONCLUDED;989285;257132;71428;64010;1024221
625924;POLICY2_MEC;TASK_CONCLUDED;245025;140313;266666;32021;368008
628995;POLICY2_MEC;TASK_CONCLUDED;245025;140313;266666;32021;368008
629975;POLICY3_CLOUD;TASK_CONCLUDED;989285;257132;71428;64010;1024221
630169;POLICY2_MEC;TASK_CONCLUDED;245025;140313;266666;32021;368008
630505;POLICY3_CLOUD;TASK_CONCLUDED;989285;257132;71428;64010;1024221
630688;POLICY2_MEC;TASK_CONCLUDED;245025;140313;266666;32021;368008
